star	x_fwhm	y_fwhm	avg_fwhm
1	4.1177	3.3157	3.3157
2	3.4497	2.91625	2.91625
3	3.3752	3.0578	3.0578
4	2.5518	2.5662	2.5662
5	2.7057	2.6919	2.6919
6	2.6677	2.7843	2.7843
7	4.4674	4.0879	4.0879
8	3.2489	2.877	2.877
9	3.46015	2.9185	2.9185
10	2.8413	2.6998	2.6998
11	3.72315	3.4923	3.4923
12	3.4293	2.9146	2.9146
13	2.9616	2.9011	2.9011
14	1.7894	0.0	0.0
15	2.8952	2.769	2.769
16	4.119199999999999	3.709	3.709
17	3.6551	3.0186	3.0186
18	3.4053	3.1774	3.1774
19	2.6625	2.8651	2.8651
20	0.0	0.0	0.0
21	2.8841	2.8442	2.8442
22	4.1666	3.6783	3.6783
23	3.971	3.564	3.564
24	3.6671500000000004	3.275	3.275
25	3.3874	2.9847	2.9847
26	3.2446	2.8779	2.8779
27	4.4595	3.9905	3.9905
28	3.3819999999999997	2.9395	2.9395
29	3.6474	3.1143	3.1143
30	4.45315	4.07965	4.07965
31	3.1758	2.963	2.963
32	2.6373	2.6152499999999996	2.6152499999999996
33	4.250500000000001	3.5889	3.5889
34	3.41455	3.1412	3.1412
35	4.022	3.3933	3.3933
36	2.6522	2.5853	2.5853
37	2.7571	2.7412	2.7412
38	2.7482	2.6213	2.6213
39	3.1182	2.8555	2.8555
40	4.2532	3.56905	3.56905
41	3.1144	2.9241	2.9241
42	3.08645	2.86185	2.86185
43	4.2055	3.5734	3.5734
44	3.2704	3.0173	3.0173
45	3.2503	2.8939	2.8939
46	4.01755	3.6378	3.6378
47	4.1685	3.7297	3.7297
48	3.96815	3.6267	3.6267
49	3.4973	3.0131	3.0131
50	3.5762	2.9947	2.9947
51	3.86685	3.1915	3.1915
52	3.4561	3.1012	3.1012
53	2.6481	2.6094	2.6094
54	2.69445	2.6437	2.6437
55	3.6881000000000004	3.5667	3.5667
56	4.4837	4.0732	4.0732
57	3.5544	3.0949	3.0949
58	2.735	2.8468	2.8468
59	4.5316	4.1334	4.1334
60	4.543	4.102	4.102
61	4.0117	3.4821	3.4821
62	4.23615	3.7593	3.7593
63	0.0	0.0	0.0
64	3.2939	3.2165	3.2165
65	3.1475999999999997	2.842	2.842
66	4.0368	3.7665	3.7665
67	0.0	0.0	0.0
68	3.9072	3.351	3.351
69	4.3155	3.8825	3.8825
70	2.1895499999999997	0.0	0.0
71	4.2412	3.5306	3.5306
72	2.6599000000000004	2.7174	2.7174
73	3.6906	3.1345	3.1345
74	4.2691	3.58995	3.58995
75	2.7307	2.7068	2.7068
76	3.2078	2.8922	2.8922
77	3.4017	3.0161	3.0161
78	3.2478	3.4561	3.4561
79	4.0827	3.5166	3.5166
80	4.3711	3.7632	3.7632
81	1.77645	1.5339	1.5339
82	3.1327499999999997	3.0141999999999998	3.0141999999999998
83	2.9698	2.7684	2.7684
84	2.88285	3.4733	3.4733
85	2.8035	3.01925	3.01925
86	2.9561	2.7188	2.7188
87	4.04785	3.5703	3.5703
88	4.386	4.278700000000001	4.278700000000001
89	2.9884	3.0857	3.0857
90	3.2434	3.26425	3.26425
91	3.4459	3.0022	3.0022
92	4.109500000000001	3.3890000000000002	3.3890000000000002
93	4.3671	4.0299	4.0299
94	4.038	3.73505	3.73505
95	3.3052	3.3549	3.3549
96	3.815	3.48	3.48
97	2.9744	3.1891499999999997	3.1891499999999997
98	3.56405	3.5111	3.5111
99	3.5134	3.16775	3.16775
100	0.0	0.0	0.0
101	4.4262	4.09005	4.09005
102	4.1567	3.67965	3.67965
103	4.1035	3.59235	3.59235
104	3.47405	3.4886	3.4886
105	4.4391	4.00305	4.00305
106	4.9314	3.5793	3.5793
107	0.0	0.0	0.0
108	2.9729	2.6478	2.6478
109	3.2657	3.15565	3.15565
110	4.2505	3.3528	3.3528
111	0.0	0.0	0.0
112	3.71405	3.1061	3.1061
113	3.4849	3.1729	3.1729
114	4.0384	3.5763	3.5763
115	4.17565	3.8101	3.8101
116	2.8726	2.5565	2.5565
117	3.216	2.8745	2.8745
118	2.6146	2.8945	2.8945
119	4.1597	3.8358	3.8358
120	3.1428000000000003	2.8714	2.8714
121	3.4428	2.9708	2.9708
122	2.9098	2.6211	2.6211
123	4.5629	4.1835	4.1835
124	3.7267	3.2591	3.2591
125	4.3557	3.9041	3.9041
126	4.3082	3.6892	3.6892
127	4.0729	3.6790000000000003	3.6790000000000003
128	4.4786	3.9178499999999996	3.9178499999999996
129	4.1426	3.6995	3.6995
130	3.2393	3.0304	3.0304
131	0.0	0.0	0.0
132	0.0	0.0	0.0
133	4.7209	3.9438500000000003	3.9438500000000003
134	3.096	2.8093	2.8093
135	0.0	0.0	0.0
136	2.94445	3.0104	3.0104
137	3.5128	3.3324499999999997	3.3324499999999997
138	3.7162	6.69775	6.69775
139	0.0	0.0	0.0
140	3.1924	2.6481	2.6481
141	3.3031	3.0569	3.0569
142	2.7246	2.4548	2.4548
143	4.698	3.9865	3.9865
144	0.0	0.0	0.0
145	3.6126500000000004	2.9678	2.9678
146	4.1108	4.7052499999999995	4.7052499999999995
147	4.00875	3.6432	3.6432
148	0.0	0.0	0.0
149	3.0242	2.9813	2.9813
150	2.8305499999999997	2.6987	2.6987
151	3.0325	2.9813	2.9813
152	3.22525	3.4034	3.4034
153	2.9465000000000003	3.0661	3.0661
154	3.0435	3.0197	3.0197
155	2.5922	2.5401	2.5401
156	3.3506	3.0947	3.0947
157	2.8589	2.843	2.843
158	2.8713	2.9335	2.9335
159	3.8198499999999997	3.2406	3.2406
160	4.3104	3.93	3.93
161	3.1058	2.8065	2.8065
162	0.0	0.0	0.0
163	4.2655	3.69	3.69
164	4.37835	3.7284	3.7284
165	3.3534	2.9057	2.9057
166	4.441	3.8859	3.8859
167	3.3614	3.5331	3.5331
168	4.6671	4.4921	4.4921
169	0.0	0.0	0.0
170	3.4982	3.3959	3.3959
171	4.3888	4.0963	4.0963
172	3.4309	2.8025	2.8025
173	3.5574500000000002	3.2201	3.2201
174	4.630850000000001	4.4819	4.4819
175	3.0553999999999997	2.4708	2.4708
176	2.7318	2.4602500000000003	2.4602500000000003
177	0.0	0.0	0.0
178	3.7377	3.3884	3.3884
179	3.1055	2.7847	2.7847
180	2.8757	2.80595	2.80595
181	3.6896	3.5058	3.5058
182	3.5231500000000002	3.2958	3.2958
183	0.0	0.0	0.0
184	3.2694	2.92105	2.92105
185	4.0617	3.7251	3.7251
186	2.75535	2.5976	2.5976
187	4.1574	3.8691	3.8691
188	0.0	0.0	0.0
189	3.60275	3.139	3.139
190	3.6588	3.8579	3.8579
191	0.0	0.0	0.0
192	0.0	0.0	0.0
193	3.913	3.6343	3.6343
194	2.8789	3.1234	3.1234
195	2.6839	4.2738	4.2738
196	3.5537	3.1542	3.1542
197	3.233	2.6915	2.6915
198	3.74	3.5318	3.5318
199	3.2271	2.8518	2.8518
200	0.0	0.0	0.0
201	4.5744	4.5101	4.5101
202	3.3654	2.83195	2.83195
203	3.6322	3.2135	3.2135
204	3.1108	2.85585	2.85585
205	2.2857	0.0	0.0
206	0.0	0.0	0.0
207	2.28325	0.0	0.0
208	0.0	0.0	0.0
209	4.125299999999999	3.7836	3.7836
210	3.0484	3.0599	3.0599
211	3.2569	2.986	2.986
212	4.07545	3.6683	3.6683
213	3.58365	3.2102	3.2102
214	0.0	0.0	0.0
215	4.395	3.7524	3.7524
216	4.3882	3.797	3.797
217	4.4723	4.2613	4.2613
218	0.0	0.0	0.0
219	4.0534	3.6463	3.6463
220	3.5334	3.345	3.345
221	3.297	3.3589	3.3589
222	3.9849	3.6737	3.6737
223	3.6118	3.4628	3.4628
224	3.0572	2.8811	2.8811
225	4.3893	4.5957	4.5957
226	4.6292	4.2566	4.2566
227	2.8335	2.8091	2.8091
228	4.0789	3.5449	3.5449
229	3.5145	2.6708	2.6708
230	3.8951	3.346	3.346
231	0.0	0.0	0.0
232	3.0919	3.3679	3.3679
233	0.0	0.0	0.0
234	3.0969	3.3532	3.3532
235	4.5573	3.7586	3.7586
236	2.8746	2.8747	2.8747
237	4.3243	3.9557	3.9557
238	3.31705	3.167	3.167
239	3.49615	3.2177	3.2177
240	3.24755	3.2772	3.2772
241	3.9485	3.4625000000000004	3.4625000000000004
242	3.3564	3.1807499999999997	3.1807499999999997
243	3.3588	2.8863	2.8863
244	3.1354	2.9195	2.9195
245	4.3231	3.7759	3.7759
246	4.5896	4.1065000000000005	4.1065000000000005
247	2.7606	2.9145	2.9145
248	4.1098	3.8659999999999997	3.8659999999999997
249	3.0026	3.0002	3.0002
250	2.84055	2.9933	2.9933
251	3.0025	3.0492	3.0492
252	2.9994	3.0142	3.0142
253	4.6725	3.8719	3.8719
254	3.0563000000000002	3.3	3.3
255	4.6731	3.90035	3.90035
256	3.3981500000000002	2.9499500000000003	2.9499500000000003
257	4.4318	3.7964	3.7964
258	3.0784	3.0355	3.0355
259	2.818	2.9381	2.9381
260	4.4003	4.0585	4.0585
261	3.61275	2.7837	2.7837
262	3.618	3.1495	3.1495
263	3.51755	2.8317	2.8317
264	4.2028	3.9443	3.9443
265	3.6011	4.242	4.242
266	3.6786	3.65445	3.65445
267	3.35515	2.999	2.999
268	3.6790000000000003	2.8214	2.8214
269	3.1957	3.5237	3.5237
270	4.25745	3.8341	3.8341
271	3.3124000000000002	2.7686	2.7686
272	0.0	0.0	0.0
273	3.20315	3.1943	3.1943
274	3.20265	3.1901	3.1901
275	0.0	0.0	0.0
276	3.3775	3.7157	3.7157
277	2.9528	3.2838	3.2838
278	0.0	0.0	0.0
279	3.1798	2.67865	2.67865
280	3.591	5.8122	5.8122
281	2.89	2.5137	2.5137
282	4.3801	3.6239	3.6239
283	3.7698	3.0576499999999998	3.0576499999999998
284	4.5886	4.2896	4.2896
285	5.3416	3.9481	3.9481
286	4.6456	4.3983	4.3983
287	3.9089	3.9223	3.9223
288	3.52665	3.2794	3.2794
289	0.0	0.0	0.0
290	2.7671	2.8615	2.8615
291	4.4413	3.9517	3.9517
292	3.5758	3.1412	3.1412
293	0.0	0.0	0.0
294	2.8474	2.67	2.67
295	0.0	0.0	0.0
296	3.9889	3.52405	3.52405
297	4.3916	3.9067	3.9067
298	3.57085	3.915	3.915
299	3.591	6.23855	6.23855
300	4.4435	3.88	3.88
301	3.5288	3.1997	3.1997
302	0.0	0.0	0.0
303	3.3635	2.9562	2.9562
304	4.5769	3.1654999999999998	3.1654999999999998
305	4.1985	3.953	3.953
306	3.3961	3.41585	3.41585
307	3.8912	2.9133	2.9133
308	4.1742	3.2708500000000003	3.2708500000000003
309	0.0	0.0	0.0
310	2.8906	3.1803	3.1803
311	4.1862	3.57565	3.57565
312	3.8268	3.0817	3.0817
313	4.586	4.1136	4.1136
314	0.0	0.0	0.0
315	2.0259	0.0	0.0
316	3.49295	3.6297	3.6297
317	4.8316	4.8342	4.8342
318	4.1074	3.6429	3.6429
319	2.8126	3.046	3.046
320	4.1624	3.6634	3.6634
321	3.02	3.3761	3.3761
322	3.95225	4.1593	4.1593
323	3.1836	2.7492	2.7492
324	4.57595	4.0899	4.0899
325	3.233	3.16355	3.16355
326	4.676	3.93295	3.93295
327	4.2364	3.0928	3.0928
328	0.0	0.0	0.0
329	4.436450000000001	3.8788	3.8788
330	3.3087	2.9093	2.9093
331	4.6583	3.9567	3.9567
332	3.1052	2.8683	2.8683
333	4.36815	3.7359	3.7359
334	0.0	0.0	0.0
335	0.0	0.0	0.0
336	0.0	0.0	0.0
337	0.0	0.0	0.0
338	3.72605	3.4016	3.4016
339	3.19825	2.7657	2.7657
340	2.9605	2.5947	2.5947
341	0.0	0.0	0.0
342	2.6295	1.9371	1.9371
343	0.0	0.0	0.0
344	2.9200999999999997	3.26335	3.26335
345	4.862550000000001	4.0509	4.0509
346	2.9825	3.9581	3.9581
347	3.2507	2.5195	2.5195
348	3.0740999999999996	2.67645	2.67645
349	4.3927	3.3589	3.3589
350	2.4941	1.9633	1.9633
351	3.297	2.8399	2.8399
352	3.8584	3.47225	3.47225
353	3.7216	2.6629	2.6629
354	0.0	0.0	0.0
355	3.7815	4.0368	4.0368
356	3.8240499999999997	3.3478	3.3478
357	4.03845	4.323	4.323
358	2.9238	2.9182	2.9182
359	4.63265	4.7601	4.7601
360	3.4679	3.4436	3.4436
361	0.0	0.0	0.0
362	3.4999	3.24245	3.24245
363	3.32	2.7243	2.7243
364	3.0724	2.7997	2.7997
365	2.7052	2.87155	2.87155
366	4.002	4.1264	4.1264
367	4.13575	3.8233	3.8233
368	3.7664999999999997	3.5977	3.5977
369	3.9873	4.2489	4.2489
370	0.0	0.0	0.0
371	3.112	3.3338	3.3338
372	3.1716	2.7278	2.7278
373	4.9003	4.00615	4.00615
374	4.68435	3.8162000000000003	3.8162000000000003
375	3.0919	2.49525	2.49525
376	3.8183	3.4362	3.4362
377	3.1802	2.9404	2.9404
378	4.6377	2.52925	2.52925
379	2.7521	2.538	2.538
380	3.8171999999999997	3.4726	3.4726
381	0.0	0.0	0.0
382	4.1986	3.9754	3.9754
383	4.29905	3.8672	3.8672
384	4.2588	4.2771	4.2771
385	3.9349	3.7059499999999996	3.7059499999999996
386	4.3228	3.7306	3.7306
387	2.9403	3.0806	3.0806
388	4.516299999999999	6.2072	6.2072
389	0.0	0.0	0.0
390	4.1061499999999995	3.2727	3.2727
391	2.9816	3.6308	3.6308
392	3.02975	3.7098	3.7098
393	2.922	3.0313	3.0313
394	4.5005	6.5471	6.5471
395	4.28825	3.8514	3.8514
396	4.3528	3.88585	3.88585
397	2.9644	4.1829	4.1829
398	3.3394	2.7712	2.7712
399	4.3039	5.1998	5.1998
400	2.7544	3.201	3.201
401	0.0	0.0	0.0
402	3.3523	3.2995	3.2995
403	3.0814	2.7003	2.7003
404	3.0273	3.6353999999999997	3.6353999999999997
405	0.0	0.0	0.0
406	3.05105	3.6879	3.6879
407	3.2365	2.7067	2.7067
408	0.0	0.0	0.0
409	4.00135	3.3081	3.3081
410	3.3840500000000002	3.2014	3.2014
411	4.356	3.9097	3.9097
412	3.2383	3.0362	3.0362
413	0.0	0.0	0.0
414	4.00685	3.523	3.523
415	0.0	0.0	0.0
416	2.9305	3.4899	3.4899
417	0.0	0.0	0.0
418	5.2394	3.99205	3.99205
419	0.0	0.0	0.0
420	6.124	5.3245	5.3245
421	3.6363	3.6751	3.6751
422	5.4079999999999995	4.01585	4.01585
423	3.4286	4.63765	4.63765
424	0.0	0.0	0.0
425	4.74145	7.25145	7.25145
426	0.0	0.0	0.0
427	4.7484	7.24465	7.24465
428	4.33955	4.089449999999999	4.089449999999999
429	0.0	0.0	0.0
430	3.6679500000000003	3.5048	3.5048
431	0.0	0.0	0.0
432	6.1344	5.265	5.265
433	0.0	0.0	0.0
434	6.2042	5.3704	5.3704
435	0.0	0.0	0.0
436	4.4598	3.8399	3.8399
437	3.9279	4.1225	4.1225
438	3.7378	2.9938000000000002	2.9938000000000002
439	4.3039	4.121700000000001	4.121700000000001
440	4.55395	4.6201	4.6201
441	4.03435	3.7971	3.7971
442	5.2556	3.5859	3.5859
443	4.3602	3.5184	3.5184
444	2.4487	2.5268	2.5268
445	5.2321	3.6083	3.6083
446	4.2006	4.0221	4.0221
447	0.0	0.0	0.0
448	0.0	0.0	0.0
449	2.7128	3.0406	3.0406
450	3.3166	3.0281	3.0281
451	4.5677	3.7497499999999997	3.7497499999999997
452	5.39895	3.9691	3.9691
453	3.1221	3.1058	3.1058
454	3.7626	3.5787	3.5787
455	3.0112	2.7722	2.7722
456	3.8494	3.2452	3.2452
457	5.1204	3.1979	3.1979
458	0.0	0.0	0.0
459	5.291399999999999	3.6077	3.6077
460	4.24605	3.313	3.313
461	4.1319	4.0093	4.0093
462	4.4173	4.9433	4.9433
463	4.7926	4.2468	4.2468
464	4.2341	5.126	5.126
465	4.29575	3.6256	3.6256
466	4.2585	5.9839	5.9839
467	3.2208	3.8851	3.8851
468	3.225	2.4838	2.4838
469	0.0	0.0	0.0
470	4.4227	3.9085	3.9085
471	0.0	0.0	0.0
472	3.5925	2.8936	2.8936
473	0.0	0.0	0.0
474	4.2861	2.91685	2.91685
475	4.1525	3.6173	3.6173
476	4.4171499999999995	5.049799999999999	5.049799999999999
477	2.9887	2.70685	2.70685
478	4.0399	3.2697	3.2697
479	3.3846	4.601100000000001	4.601100000000001
480	4.4661	4.09385	4.09385
481	3.74165	3.6385	3.6385
482	3.7654	3.5208500000000003	3.5208500000000003
483	0.0	0.0	0.0
484	4.3788	4.15075	4.15075
485	3.8357	3.4914	3.4914
486	2.8554	2.7855999999999996	2.7855999999999996
487	4.4386	3.193	3.193
488	0.0	0.0	0.0
489	3.1257	2.7948	2.7948
490	4.23615	3.3434	3.3434
491	4.1258	4.0838	4.0838
492	0.0	0.0	0.0
493	3.17415	4.15055	4.15055
494	4.5876	3.1641	3.1641
495	4.4288	3.9886	3.9886
496	4.38985	3.9681	3.9681
497	3.1941	3.1326	3.1326
498	4.5297	3.7602	3.7602
499	2.8425	2.8548	2.8548
500	3.277	2.6422	2.6422
501	4.2697	4.0649	4.0649
502	0.0	0.0	0.0
503	4.8777	4.7173	4.7173
504	3.3388	7.7267	7.7267
505	3.8705	3.3643	3.3643
506	3.1657	4.228	4.228
507	3.7216	3.3113	3.3113
508	3.7669	3.3845	3.3845
509	5.0456	4.694	4.694
510	3.9201	3.5817	3.5817
511	4.4716	4.061	4.061
512	3.37635	3.4106	3.4106
513	3.7144500000000003	3.2669	3.2669
514	3.59315	4.104	4.104
515	0.0	0.0	0.0
516	3.7168	3.2469	3.2469
517	4.04255	4.998	4.998
518	3.5831	4.1624	4.1624
519	3.15725	2.4017	2.4017
520	3.5278	4.537649999999999	4.537649999999999
521	0.0	0.0	0.0
522	5.2851	3.6862	3.6862
523	0.0	0.0	0.0
524	6.1098	4.0344	4.0344
525	0.0	0.0	0.0
526	3.4067499999999997	2.6676	2.6676
527	3.5881	4.9767	4.9767
528	3.1248500000000003	2.9819	2.9819
529	4.6259	4.004899999999999	4.004899999999999
530	0.0	0.0	0.0
531	6.2232	3.9221	3.9221
532	4.9648	3.3546	3.3546
533	2.9723	2.4731	2.4731
534	6.3126	3.922	3.922
535	2.5074	3.7734	3.7734
536	0.0	0.0	0.0
537	3.5622	3.5569	3.5569
538	5.0839	2.9215	2.9215
539	5.3337	5.3108	5.3108
540	3.349	3.212	3.212
541	3.6583	3.1999	3.1999
542	0.0	0.0	0.0
543	3.054	3.3484	3.3484
544	0.0	0.0	0.0
545	3.9458	3.4824	3.4824
546	5.502	4.5777	4.5777
547	3.8751	2.6666499999999997	2.6666499999999997
548	4.4903	3.9689	3.9689
549	3.5811	5.1102	5.1102
550	2.8228	4.3336	4.3336
551	3.5168	5.2285	5.2285
552	4.5088	4.7117	4.7117
553	0.0	0.0	0.0
554	3.5113	5.3543	5.3543
555	2.825	3.4076	3.4076
556	5.11595	3.4276	3.4276
557	0.0	0.0	0.0
558	3.12645	2.6059	2.6059
559	2.9249	2.9068	2.9068
560	2.7465	3.44205	3.44205
561	0.0	0.0	0.0
562	4.5457	4.1932	4.1932
563	3.2863	3.1218	3.1218
564	0.0	0.0	0.0
565	5.0194	3.857	3.857
566	0.0	0.0	0.0
567	4.1640999999999995	4.7965	4.7965
568	0.0	0.0	0.0
569	3.81215	3.2465	3.2465
570	2.98	2.3800499999999998	2.3800499999999998
571	2.43605	0.0	0.0
572	4.1724499999999995	4.4828	4.4828
573	4.7938	4.1088000000000005	4.1088000000000005
574	4.30575	3.8902	3.8902
575	3.6171	2.6246	2.6246
576	5.7998	4.3004	4.3004
577	2.7092	2.3796	2.3796
578	2.4449	2.7084	2.7084
579	2.5146	2.162	2.162
580	2.8652	2.9476	2.9476
581	4.5072	4.1091	4.1091
582	3.834	3.4554	3.4554
583	4.6376	3.7237	3.7237
584	2.8441	2.9211	2.9211
585	2.67705	2.5867	2.5867
586	4.1767	6.38425	6.38425
587	5.7718	4.2095	4.2095
588	0.0	0.0	0.0
589	2.9983	2.8708	2.8708
590	2.68335	3.0201000000000002	3.0201000000000002
591	2.4664	0.0	0.0
592	2.8307	3.143	3.143
593	3.0773	2.9876	2.9876
594	0.0	0.0	0.0
595	0.0	0.0	0.0
596	3.5916	4.3632	4.3632
597	4.9057	4.15895	4.15895
598	3.95675	4.1114	4.1114
599	3.6010999999999997	2.9841	2.9841
600	3.3608	2.5604	2.5604
601	4.44555	3.9059999999999997	3.9059999999999997
602	4.2466	2.7868	2.7868
603	4.6203	2.3784	2.3784
604	4.291	3.74965	3.74965
605	2.7233	2.6198	2.6198
606	3.8362	3.3693	3.3693
607	0.0	0.0	0.0
608	2.9837499999999997	3.3008	3.3008
609	4.7575	3.6611000000000002	3.6611000000000002
610	0.0	0.0	0.0
611	3.0128	3.2425	3.2425
612	2.92265	2.4235	2.4235
613	0.0	0.0	0.0
614	0.0	0.0	0.0
615	4.9139	2.6439	2.6439
616	4.24735	5.276	5.276
617	3.27495	3.69725	3.69725
618	0.0	0.0	0.0
619	3.8777999999999997	3.5998	3.5998
620	3.5549	3.0112	3.0112
621	3.7157999999999998	3.9466	3.9466
622	3.3177	3.74505	3.74505
623	4.8486	2.5732	2.5732
624	3.0304	2.6358	2.6358
625	4.5817499999999995	2.7667	2.7667
626	2.9886999999999997	2.5918	2.5918
627	4.486700000000001	3.2138999999999998	3.2138999999999998
628	4.5885	8.6045	8.6045
629	3.38535	3.1597	3.1597
630	3.8649	3.5645	3.5645
631	4.5524	8.6045	8.6045
632	0.0	0.0	0.0
633	0.0	0.0	0.0
634	2.6572	2.85015	2.85015
635	4.7344	4.42625	4.42625
636	2.73975	3.0891	3.0891
637	5.1216	2.29265	2.29265
638	4.1208	3.9233	3.9233
639	4.9682	4.3421	4.3421
640	3.5269	4.0456	4.0456
641	4.4352	4.04995	4.04995
642	3.5367499999999996	3.9754	3.9754
643	3.5164	3.2169	3.2169
644	3.41	4.1160499999999995	4.1160499999999995
645	3.60405	2.4802	2.4802
646	2.7578	2.52455	2.52455
647	2.8856	4.1533	4.1533
648	4.8909	3.8801	3.8801
649	3.2963	2.6212	2.6212
650	3.1731	3.1848	3.1848
651	4.3223	3.6897	3.6897
652	4.4212	4.2085	4.2085
653	2.3699	4.9681	4.9681
654	5.2779	3.975	3.975
655	0.0	0.0	0.0
656	2.7473	6.0163	6.0163
657	4.3523	4.1524	4.1524
658	0.0	0.0	0.0
659	3.6811	3.1272	3.1272
660	0.0	0.0	0.0
661	3.4651	4.5996500000000005	4.5996500000000005
662	0.0	0.0	0.0
663	3.44975	4.63465	4.63465
664	4.5731	4.9043	4.9043
665	4.2247	3.8287	3.8287
666	3.7763	4.3228	4.3228
667	4.652	4.6265	4.6265
668	3.3753	2.4855	2.4855
669	4.7474	4.1257	4.1257
670	3.5119	3.0906	3.0906
671	0.0	0.0	0.0
672	4.3193	7.302350000000001	7.302350000000001
673	3.324	4.6115	4.6115
674	0.0	0.0	0.0
675	3.3288	4.1717	4.1717
676	2.6761	2.8259	2.8259
677	4.6577	3.81115	3.81115
678	3.1344000000000003	3.4006	3.4006
679	4.3798	7.3092	7.3092
680	3.1514	2.7470499999999998	2.7470499999999998
681	3.2064	2.47595	2.47595
682	2.6906499999999998	2.8383	2.8383
683	4.9099	5.3594	5.3594
684	3.5812	3.3408	3.3408
685	4.0383	3.6965500000000002	3.6965500000000002
686	3.0406	2.8749000000000002	2.8749000000000002
687	4.8402	3.2189	3.2189
688	3.0406	2.8749000000000002	2.8749000000000002
689	4.2463	3.53025	3.53025
690	0.0	2.2761	2.2761
691	5.0407	3.6386	3.6386
692	3.4943999999999997	4.1744	4.1744
693	4.53475	3.6476	3.6476
694	4.01	3.1748	3.1748
695	4.8111	3.7854	3.7854
696	3.6743	4.787	4.787
697	3.6952	3.1533	3.1533
698	4.3406	3.5663	3.5663
699	2.8585	2.8715	2.8715
700	0.0	0.0	0.0
701	2.9672	2.7689	2.7689
702	4.35025	3.6802	3.6802
703	2.965	2.9354	2.9354
704	0.0	2.534	2.534
705	4.0154	3.6124	3.6124
706	3.1234	2.64875	2.64875
707	3.3723	3.2074	3.2074
708	5.2236	4.0925	4.0925
709	3.0012	2.7677	2.7677
710	4.0365	3.3489	3.3489
711	0.0	0.0	0.0
712	6.1662	3.8493	3.8493
713	0.0	0.0	0.0
714	4.0581	5.5131499999999996	5.5131499999999996
715	0.0	0.0	0.0
716	6.1842	3.9329	3.9329
717	3.4809	4.6338	4.6338
718	4.531	3.7247500000000002	3.7247500000000002
719	5.4695	3.2676	3.2676
720	3.21325	2.28	2.28
721	2.94775	3.6736500000000003	3.6736500000000003
722	4.2571	2.8744	2.8744
723	6.5884	3.3931	3.3931
724	3.2687	2.827	2.827
725	4.248	2.8744	2.8744
726	3.0606	3.1411	3.1411
727	3.8735	4.12385	4.12385
728	4.6296	3.7535	3.7535
729	0.0	0.0	0.0
730	5.1403	3.241	3.241
731	0.0	0.0	0.0
732	4.47285	3.5072	3.5072
733	3.9735	4.2955	4.2955
734	4.0077	3.0406	3.0406
735	3.9658499999999997	2.9903	2.9903
736	4.5023	3.8283	3.8283
737	3.4437	3.6056	3.6056
738	0.0	0.0	0.0
739	0.0	0.0	0.0
740	5.1738	3.23025	3.23025
741	4.608	3.3168	3.3168
742	4.3964	3.5076	3.5076
743	4.2871	3.4057	3.4057
744	4.0392	4.2253	4.2253
745	0.0	0.0	0.0
746	4.043150000000001	3.5423	3.5423
747	3.0866	3.2426	3.2426
748	2.8095	2.50795	2.50795
749	2.97465	3.2157	3.2157
750	6.5972	3.4091500000000003	3.4091500000000003
751	4.2875	4.2038	4.2038
752	4.12195	4.2825	4.2825
753	4.6712	4.77625	4.77625
754	4.4002	3.7493	3.7493
755	4.5258	3.8191	3.8191
756	0.0	0.0	0.0
757	0.0	0.0	0.0
758	0.0	0.0	0.0
759	3.8589	4.644550000000001	4.644550000000001
760	2.98975	3.7492	3.7492
761	4.4895	3.8303	3.8303
762	2.3809	2.4245	2.4245
763	3.4314	3.7225	3.7225
764	4.5143	3.55355	3.55355
765	4.786	4.9892	4.9892
766	3.3932	3.1397	3.1397
767	4.5964	4.2671	4.2671
768	4.2212499999999995	2.8484	2.8484
769	3.5803	4.5554	4.5554
770	3.2591	2.1391999999999998	2.1391999999999998
771	0.0	0.0	0.0
772	0.0	0.0	0.0
773	4.6828	4.0518	4.0518
774	3.93775	2.9473	2.9473
775	3.4277499999999996	3.7453	3.7453
776	3.5566	2.9715	2.9715
777	5.7374	3.0875	3.0875
778	0.0	0.0	0.0
779	3.5839	3.7537	3.7537
780	0.0	0.0	0.0
781	3.4775	3.0529	3.0529
782	3.3248	2.6939	2.6939
783	0.0	0.0	0.0
784	0.0	0.0	0.0
785	0.0	0.0	0.0
786	3.1602	2.8569500000000003	2.8569500000000003
787	3.51405	3.7796	3.7796
788	3.5029	2.53295	2.53295
789	4.3333	4.38255	4.38255
790	5.2395	3.7638	3.7638
791	3.2874999999999996	2.6822	2.6822
792	4.2025	3.842	3.842
793	2.8535	2.7448	2.7448
794	3.3524000000000003	4.3645	4.3645
795	3.0899	1.96635	1.96635
796	3.9058	4.9128	4.9128
797	4.5532	3.9068	3.9068
798	3.0149	2.6584	2.6584
799	0.0	0.0	0.0
800	6.8533	4.5911	4.5911
801	3.34535	3.40835	3.40835
802	2.9273	3.1644	3.1644
803	3.8563	3.0841	3.0841
804	2.8312	4.907299999999999	4.907299999999999
805	3.5776	2.8625	2.8625
806	3.5043499999999996	2.5801	2.5801
807	3.2616	3.7705	3.7705
808	0.0	0.0	0.0
809	0.0	0.0	0.0
810	3.03865	3.8373	3.8373
811	4.574	6.2561	6.2561
812	2.5927	1.5021	1.5021
813	4.43535	3.14025	3.14025
814	4.7178	4.6792	4.6792
815	0.0	0.0	0.0
816	3.341	3.6733	3.6733
817	0.0	0.0	0.0
818	4.0125	3.4058	3.4058
819	4.8265	2.8855	2.8855
820	5.632149999999999	4.888199999999999	4.888199999999999
821	0.0	0.0	0.0
822	0.0	0.0	0.0
823	0.0	0.0	0.0
824	4.04475	2.4013	2.4013
825	4.035299999999999	3.3692	3.3692
826	4.7687	2.8496	2.8496
827	3.8824	4.2937	4.2937
828	3.2215	2.1286	2.1286
829	3.6479	2.6166	2.6166
830	4.3017	3.536	3.536
831	6.6224	4.437	4.437
832	3.2958	2.8291	2.8291
833	4.19835	3.155	3.155
834	4.7687	2.8496	2.8496
835	4.7113	3.32045	3.32045
836	3.2238	2.5818	2.5818
837	5.0507	3.3779	3.3779
838	3.84815	2.903	2.903
839	4.5886	4.1418	4.1418
840	4.8362	5.67375	5.67375
841	3.8084	3.2768	3.2768
842	4.3264499999999995	6.453	6.453
843	3.2533	3.0074	3.0074
844	3.7416	2.6098	2.6098
845	4.9669	3.8569	3.8569
846	4.3002	5.0517	5.0517
847	4.3046	4.2065	4.2065
848	4.601	3.1835	3.1835
849	4.3088	5.0049	5.0049
850	3.4861	3.2885	3.2885
851	3.0197	4.8769	4.8769
852	3.58845	3.8076499999999998	3.8076499999999998
853	4.2654	5.0083	5.0083
854	3.5818000000000003	3.7998000000000003	3.7998000000000003
855	4.08445	3.9404	3.9404
856	0.0	0.0	0.0
857	4.300000000000001	4.0218	4.0218
858	3.9304	2.5085	2.5085
859	2.88025	5.02065	5.02065
860	4.3046	4.1918	4.1918
861	2.88025	5.02065	5.02065
862	3.1803	3.771	3.771
863	3.5081499999999997	3.9503	3.9503
864	0.0	0.0	0.0
865	3.6107	4.6272	4.6272
866	4.8979	3.8422	3.8422
867	4.622	6.6424	6.6424
868	4.5283999999999995	3.8774	3.8774
869	5.8515999999999995	2.5869	2.5869
870	6.4028	5.41475	5.41475
871	3.7136	3.1253	3.1253
872	3.4075	5.2798	5.2798
873	4.7886	4.1104	4.1104
874	4.5923	6.7341	6.7341
875	0.0	0.0	0.0
876	4.59	2.5335	2.5335
877	3.5262	1.9928	1.9928
878	5.2224	4.5411	4.5411
879	4.1625	6.5855	6.5855
880	2.60405	4.616	4.616
881	3.2608	2.567	2.567
882	4.2769	4.2853	4.2853
883	4.68635	2.9619	2.9619
884	3.7009	3.2827	3.2827
885	2.619	4.1751	4.1751
886	3.6223	4.3075	4.3075
887	0.0	0.0	0.0
888	3.128	2.9553	2.9553
889	3.7183	5.81215	5.81215
890	5.3231	2.6464	2.6464
891	4.223800000000001	4.8927	4.8927
892	5.9884	2.366	2.366
893	2.4585	4.40005	4.40005
894	5.03195	3.3676	3.3676
895	0.0	0.0	0.0
896	4.1370000000000005	3.0486	3.0486
897	4.385400000000001	2.779	2.779
898	3.11775	2.731	2.731
899	0.0	0.0	0.0
900	4.1939	2.4964500000000003	2.4964500000000003
901	3.2532	3.1456	3.1456
902	4.3045	2.6983	2.6983
903	2.6018	4.40005	4.40005
904	3.5253	4.3388	4.3388
905	3.621	3.3972	3.3972
906	3.2848	3.7415	3.7415
907	3.032	4.5595	4.5595
908	4.0652	3.8304	3.8304
909	4.412	2.727	2.727
910	3.9223	3.22335	3.22335
911	3.7781	2.2052	2.2052
912	3.2186	2.0702	2.0702
913	2.44635	0.0	0.0
914	0.0	0.0	0.0
915	4.7782	4.6592	4.6592
916	0.0	0.0	0.0
917	0.0	0.0	0.0
918	3.8588	2.0605	2.0605
919	0.0	0.0	0.0
920	0.0	0.0	0.0
921	0.0	0.0	0.0
922	5.0642	3.4872	3.4872
923	3.5372	4.0739	4.0739
924	3.831	2.9513	2.9513
925	3.11775	2.8407	2.8407
926	5.1708	3.4864	3.4864
927	3.3747	2.2958	2.2958
928	3.2485	2.34265	2.34265
929	3.2025	4.1141000000000005	4.1141000000000005
930	2.7709	5.47	5.47
931	5.8776	2.5802	2.5802
932	0.0	0.0	0.0
933	2.3352	1.8513	1.8513
934	3.7191	1.298	1.298
935	3.84035	4.9354	4.9354
936	5.8776	2.5931	2.5931
937	3.1657	2.8307	2.8307
938	2.6261	2.1736	2.1736
939	5.5021	6.07715	6.07715
940	3.2943	2.8614	2.8614
941	2.6792999999999996	2.1979	2.1979
942	2.4812	4.61885	4.61885
943	3.16765	2.3919	2.3919
944	3.0931	2.5617	2.5617
945	3.6471999999999998	2.2615	2.2615
946	0.0	0.0	0.0
947	4.9687	3.5829	3.5829
948	3.0523	3.3587	3.3587
949	0.0	0.0	0.0
950	4.260149999999999	1.9369	1.9369
951	3.2449	2.7952	2.7952
952	0.0	0.0	0.0
953	2.6597	2.8867	2.8867
954	4.573	4.15205	4.15205
955	3.6865	3.7144	3.7144
956	2.9208	6.6417	6.6417
957	0.0	0.0	0.0
958	3.8712	4.3886	4.3886
959	0.0	0.0	0.0
960	7.1857	2.1417	2.1417
961	4.2626	5.0726	5.0726
962	3.4364	2.4102	2.4102
963	3.35485	3.4913	3.4913
964	4.1514	3.4735	3.4735
965	4.2812	2.71125	2.71125
966	0.0	0.0	0.0
967	4.1823	3.011	3.011
968	4.9635	4.3398	4.3398
969	4.4277	4.214700000000001	4.214700000000001
970	3.1751	3.0843	3.0843
971	4.2202	3.7687	3.7687
972	2.9221	3.15415	3.15415
973	6.3508	5.76	5.76
974	2.99255	4.1037	4.1037
975	2.5688	2.0323	2.0323
976	7.46115	2.9119	2.9119
977	2.9765	5.5304	5.5304
978	3.4007	1.3884	1.3884
979	5.5119	0.5339499999999999	0.5339499999999999
980	3.7982	2.2495	2.2495
981	4.2124	3.8081	3.8081
982	3.4007	1.3884	1.3884
983	3.6049	2.2688	2.2688
984	0.0	0.0	0.0
985	5.9571	3.2163	3.2163
986	4.8691	4.7775	4.7775
987	5.9571	3.2163	3.2163
988	3.6448	4.8939	4.8939
989	3.9869	3.7185	3.7185
990	4.0065	7.050800000000001	7.050800000000001
991	5.9571	3.2163	3.2163
992	4.9109	4.6409	4.6409
993	2.64	5.5093	5.5093
994	4.0368	3.5193	3.5193
995	4.4915	3.1556	3.1556
996	4.1296	3.5456000000000003	3.5456000000000003
997	3.5793	4.7537	4.7537
998	3.0521000000000003	4.1436	4.1436
999	4.30945	3.19	3.19
1000	2.6325	5.7561	5.7561
1001	0.0	0.0	0.0
1002	0.0	0.0	0.0
1003	0.0	0.0	0.0
1004	3.1353	2.8747	2.8747
1005	4.8026	4.0016	4.0016
1006	4.1242	4.5365	4.5365
1007	3.9791499999999997	3.4048	3.4048
1008	0.0	0.0	0.0
1009	2.2881	3.6178	3.6178
1010	3.5326	3.0251	3.0251
1011	0.0	0.0	0.0
1012	3.3259	2.7956	2.7956
1013	0.0	0.0	0.0
1014	3.7111	2.3492499999999996	2.3492499999999996
1015	3.2939499999999997	4.272550000000001	4.272550000000001
1016	5.2469	3.8507	3.8507
1017	0.0	0.0	0.0
1018	3.8315	6.2819	6.2819
1019	4.2132	3.03665	3.03665
1020	3.6430499999999997	3.0817	3.0817
1021	3.8315	6.2819	6.2819
1022	0.0	0.0	0.0
1023	4.2728	3.0002	3.0002
1024	2.58165	3.9099	3.9099
1025	0.0	0.0	0.0
1026	5.2848	4.4765	4.4765
1027	0.0	0.0	0.0
1028	6.2692	1.4918	1.4918
1029	3.1353	1.7416	1.7416
1030	6.2429	1.4704	1.4704
1031	3.8891	3.66465	3.66465
1032	6.2212	5.9748	5.9748
1033	2.7750000000000004	2.5022	2.5022
1034	3.9239	3.3107	3.3107
1035	2.90095	2.6162	2.6162
1036	2.5612	2.6847	2.6847
1037	3.2031	3.41805	3.41805
1038	0.0	0.0	0.0
1039	5.3599	3.8279	3.8279
1040	5.591	5.4519	5.4519
1041	0.0	0.0	0.0
1042	3.4026	2.9078	2.9078
1043	3.92325	3.9852	3.9852
1044	3.4144	2.9584	2.9584
1045	2.4968	2.6603	2.6603
1046	3.4144	2.9584	2.9584
1047	6.0041	2.2491	2.2491
1048	4.79	3.8324	3.8324
1049	0.0	0.0	0.0
1050	4.8936	4.0487	4.0487
1051	2.8022	2.9077	2.9077
1052	6.4922	4.329	4.329
1053	4.8534	3.5819	3.5819
1054	4.3418	5.1263000000000005	5.1263000000000005
1055	3.9124	2.5012	2.5012
1056	4.1383	2.0659	2.0659
1057	0.0	0.0	0.0
1058	5.5893	3.9225	3.9225
1059	3.77395	3.2282	3.2282
1060	4.7708	3.8345	3.8345
1061	0.0	0.0	0.0
1062	2.71685	3.3928	3.3928
1063	3.9785	3.3905000000000003	3.3905000000000003
1064	4.5578	3.8978	3.8978
1065	4.5623	4.13955	4.13955
1066	3.7489	3.3697	3.3697
1067	4.4709	4.6194	4.6194
1068	3.8773	3.5249	3.5249
1069	3.59345	5.225300000000001	5.225300000000001
1070	0.0	0.0	0.0
1071	4.84675	3.4219	3.4219
1072	3.306	2.06015	2.06015
1073	2.7874	2.59235	2.59235
1074	5.436	3.7613	3.7613
1075	3.8377999999999997	3.3027	3.3027
1076	3.8625	6.9746	6.9746
1077	0.0	0.0	0.0
1078	3.1745	1.75455	1.75455
1079	3.41965	2.9341999999999997	2.9341999999999997
1080	4.1254	4.4565	4.4565
1081	0.0	0.0	0.0
1082	5.3028	2.6355	2.6355
1083	6.0403	4.222	4.222
1084	6.4409	3.8731	3.8731
1085	4.3025	4.16325	4.16325
1086	5.7885	2.47655	2.47655
1087	0.0	0.0	0.0
1088	6.0188	2.053	2.053
1089	3.68045	3.5047	3.5047
1090	4.4305	4.0105	4.0105
1091	3.4972	3.5512	3.5512
1092	2.5249	2.8913	2.8913
1093	6.0397	4.1657	4.1657
1094	2.4893	3.6401	3.6401
1095	5.2752	3.1783	3.1783
1096	2.2232	3.9992	3.9992
1097	4.0863	3.5698	3.5698
1098	4.179	3.91845	3.91845
1099	5.2752	3.3467	3.3467
1100	4.5652	3.6658	3.6658
1101	1.5172	0.0	0.0
1102	0.0	0.0	0.0
1103	3.5424	0.87895	0.87895
1104	4.1901	3.4482	3.4482
1105	0.0	0.0	0.0
1106	3.3746	3.4451	3.4451
1107	3.8132	6.8806	6.8806
1108	2.8608	2.7374	2.7374
1109	5.849	2.2478	2.2478
1110	5.663	2.4112	2.4112
1111	3.9955	2.36685	2.36685
1112	4.85245	3.6392	3.6392
1113	2.6181	4.0134	4.0134
1114	6.1078	5.412	5.412
1115	3.8343	2.924	2.924
1116	3.9693	3.30965	3.30965
1117	4.9700500000000005	4.2646	4.2646
1118	3.6965	3.1964	3.1964
1119	3.4851	2.3509	2.3509
1120	2.6719	3.3878000000000004	3.3878000000000004
1121	4.2932	3.3682	3.3682
1122	2.919	3.8948	3.8948
1123	3.2081	3.65625	3.65625
1124	5.863899999999999	2.4179500000000003	2.4179500000000003
1125	4.9424	3.6451000000000002	3.6451000000000002
1126	0.0	0.0	0.0
1127	4.025	3.45465	3.45465
1128	3.0671	2.4757	2.4757
1129	5.32175	4.3379	4.3379
1130	3.5013500000000004	4.6240000000000006	4.6240000000000006
1131	3.1226	3.30585	3.30585
1132	4.50465	3.54375	3.54375
1133	3.457	3.259	3.259
1134	3.5693	6.0913	6.0913
1135	0.0	0.0	0.0
1136	0.0	0.0	0.0
1137	3.7487	2.7456	2.7456
1138	2.815	0.54435	0.54435
1139	0.0	0.0	0.0
1140	4.88555	5.2411	5.2411
1141	3.7016999999999998	3.9637	3.9637
1142	3.5169	3.3065	3.3065
1143	3.5448	0.0	0.0
1144	4.1461	2.78355	2.78355
1145	2.6466	4.22	4.22
1146	2.10515	1.8521999999999998	1.8521999999999998
1147	4.54895	3.57375	3.57375
1148	4.6256	3.7956	3.7956
1149	3.2837	2.4398999999999997	2.4398999999999997
1150	3.4558	3.5515	3.5515
1151	4.6256	3.7928	3.7928
1152	2.9731	1.5274	1.5274
1153	3.4908	3.4771	3.4771
1154	4.0629	3.8011	3.8011
1155	4.5423	3.5431	3.5431
1156	3.85865	5.94855	5.94855
1157	2.0845	2.8873	2.8873
1158	5.2092	4.2326999999999995	4.2326999999999995
1159	3.1011	3.9050000000000002	3.9050000000000002
1160	2.469	2.3168	2.3168
1161	4.94725	4.6524	4.6524
1162	2.5168	2.6501	2.6501
1163	2.872	4.6027	4.6027
1164	0.0	0.0	0.0
1165	1.5126	4.60365	4.60365
1166	2.872	4.6027	4.6027
1167	5.0632	6.3622	6.3622
1168	4.5896	3.6795999999999998	3.6795999999999998
1169	4.0824	4.26	4.26
1170	4.6423	4.65435	4.65435
1171	4.2679	4.5008	4.5008
1172	3.6943	2.6079	2.6079
1173	4.2163	3.8887	3.8887
1174	2.92675	3.89515	3.89515
1175	4.5229	4.2749500000000005	4.2749500000000005
1176	2.5962500000000004	2.5758	2.5758
1177	4.177	4.4408	4.4408
1178	0.0	0.0	0.0
1179	4.2464	6.7009	6.7009
1180	3.5159	2.5723	2.5723
1181	4.177	4.4526	4.4526
1182	3.32935	2.5312	2.5312
1183	5.035	6.3622	6.3622
1184	3.2157999999999998	3.59815	3.59815
1185	5.5089	5.6193	5.6193
1186	0.0	0.0	0.0
1187	5.06135	4.5889	4.5889
1188	2.8441	4.08455	4.08455
1189	0.0	0.0	0.0
1190	3.27965	2.9669	2.9669
1191	3.0504499999999997	2.8204	2.8204
1192	4.0288	3.27445	3.27445
1193	7.3349	3.26	3.26
1194	4.599	3.1425	3.1425
1195	3.0782	3.5984	3.5984
1196	0.0	0.0	0.0
1197	3.4499	2.8392999999999997	2.8392999999999997
1198	0.0	0.0	0.0
1199	0.0	0.0	0.0
1200	3.5201	1.964	1.964
1201	3.7971	4.0079	4.0079
1202	6.2051	2.7626	2.7626
1203	0.0	0.0	0.0
1204	3.0667	3.5777	3.5777
1205	0.0	0.0	0.0
1206	4.7759	2.8532	2.8532
1207	0.0	0.0	0.0
1208	0.0	0.0	0.0
1209	4.4986	3.3485	3.3485
1210	3.3323	4.3602	4.3602
1211	4.114	2.9307499999999997	2.9307499999999997
1212	3.7088	2.82235	2.82235
1213	4.9278	3.751	3.751
1214	2.7902	2.37	2.37
1215	3.6765	2.9395	2.9395
1216	2.68865	4.1261	4.1261
1217	3.1656	2.61745	2.61745
1218	4.2884	4.0185	4.0185
1219	4.39205	4.2629	4.2629
1220	2.4259	2.0088	2.0088
1221	5.0302	4.4431	4.4431
1222	3.4375	3.4115	3.4115
1223	3.38565	3.4235	3.4235
1224	4.5587	2.912	2.912
1225	3.0597	3.6082	3.6082
1226	4.0859	2.3846	2.3846
1227	3.5685	3.0894	3.0894
1228	0.0	0.0	0.0
1229	0.0	0.0	0.0
1230	4.284	2.9129	2.9129
1231	4.065	4.2875	4.2875
1232	0.0	0.0	0.0
1233	3.6128	3.4166	3.4166
1234	4.6528	4.9866	4.9866
1235	3.8514	2.6562	2.6562
1236	4.5367	5.908	5.908
1237	3.6759	4.5082	4.5082
1238	3.866	2.4881	2.4881
1239	4.2068	3.6399	3.6399
1240	3.6944999999999997	2.7728	2.7728
1241	4.1692	4.1031	4.1031
1242	5.2357499999999995	3.8746	3.8746
1243	4.164	3.7438	3.7438
1244	3.3039500000000004	2.8505	2.8505
1245	0.0	0.0	0.0
1246	0.0	0.0	0.0
1247	0.0	0.0	0.0
1248	0.0	0.0	0.0
1249	0.0	0.0	0.0
1250	2.8158	4.5387	4.5387
1251	7.01475	5.0895	5.0895
1252	3.7894	4.5075	4.5075
1253	3.755	2.8641	2.8641
1254	3.30365	3.2345	3.2345
1255	2.3428	2.6334999999999997	2.6334999999999997
1256	3.9782	1.2857	1.2857
1257	5.16565	3.1071	3.1071
1258	5.0191	2.9648	2.9648
1259	2.2713	1.4011	1.4011
1260	0.0	0.0	0.0
1261	4.2132	4.1541999999999994	4.1541999999999994
1262	4.5745	4.0677	4.0677
1263	3.584	4.0814	4.0814
1264	4.044	3.5287	3.5287
1265	7.18575	5.0895	5.0895
1266	7.18575	5.0895	5.0895
1267	2.7991	2.9186	2.9186
1268	0.0	0.0	0.0
1269	2.2098500000000003	2.3613	2.3613
1270	3.9202	2.295	2.295
1271	4.03405	3.8584500000000004	3.8584500000000004
1272	5.2715	4.1646	4.1646
1273	0.0	0.0	0.0
1274	4.74115	4.1772	4.1772
1275	4.1685	2.75755	2.75755
1276	4.17385	3.8594	3.8594
1277	2.4021	2.8028	2.8028
1278	5.2925	3.597	3.597
1279	5.0482	4.8032	4.8032
1280	3.815	3.3703	3.3703
1281	0.0	0.0	0.0
1282	2.52155	2.5249	2.5249
1283	3.6426	0.0	0.0
1284	3.6345	2.8777	2.8777
1285	0.62365	0.49415	0.49415
1286	0.0	0.0	0.0
1287	0.0	0.0	0.0
1288	0.0	0.0	0.0
1289	2.7292	3.3354	3.3354
1290	3.8801	3.3742	3.3742
1291	4.3205	3.8388999999999998	3.8388999999999998
1292	4.9839	1.4211	1.4211
1293	5.1964500000000005	3.1873500000000003	3.1873500000000003
1294	3.061	2.458	2.458
1295	3.945	3.2527	3.2527
1296	3.9649	3.2316	3.2316
1297	3.1581	4.4784	4.4784
1298	4.1352	5.07625	5.07625
1299	4.2326	3.0068	3.0068
1300	4.6495	3.8718500000000002	3.8718500000000002
1301	2.9419	2.1356	2.1356
1302	2.354	1.9924	1.9924
1303	0.0	0.0	0.0
1304	4.2326	3.0046	3.0046
1305	3.3902	3.1941	3.1941
1306	3.9175	4.5468	4.5468
1307	0.0	0.0	0.0
1308	3.5852	3.1756	3.1756
1309	3.4764999999999997	2.8364	2.8364
1310	3.5465	2.0498	2.0498
1311	3.2431	2.2879	2.2879
1312	4.586	5.55875	5.55875
1313	0.0	0.0	0.0
1314	3.967	2.801	2.801
1315	3.02405	3.2806	3.2806
1316	5.1618	4.8128	4.8128
1317	0.0	1.05445	1.05445
1318	3.3099	3.11745	3.11745
1319	3.6014	4.259	4.259
1320	4.9999	4.2003	4.2003
1321	0.0	0.0	0.0
1322	4.500500000000001	5.5429	5.5429
1323	3.4942	1.35965	1.35965
1324	3.5458499999999997	5.71125	5.71125
1325	0.0	0.0	0.0
1326	3.0996	2.92965	2.92965
1327	4.2773	4.25675	4.25675
1328	3.782	2.1619	2.1619
1329	3.01215	3.4758	3.4758
1330	3.588	5.619	5.619
1331	2.9136	2.5577	2.5577
1332	2.5725	2.4064	2.4064
1333	2.6982	3.9509999999999996	3.9509999999999996
1334	4.8708	6.5448	6.5448
1335	4.4858	5.7021	5.7021
1336	5.5753	4.0415	4.0415
1337	6.2652	3.9035	3.9035
1338	4.2155000000000005	4.3638	4.3638
1339	0.0	0.0	0.0
1340	3.7434	2.107	2.107
1341	4.4511	7.6485	7.6485
1342	3.0037	1.4788999999999999	1.4788999999999999
1343	5.5753	3.9309	3.9309
1344	4.1452	4.7742	4.7742
1345	5.14	3.6816	3.6816
1346	2.6138500000000002	3.4213	3.4213
1347	4.6008	4.8016000000000005	4.8016000000000005
1348	5.888999999999999	4.0496	4.0496
1349	2.4306	2.0759499999999997	2.0759499999999997
1350	6.5889	8.305399999999999	8.305399999999999
1351	1.8498	1.544	1.544
1352	3.64445	2.5812	2.5812
1353	6.2161	4.0539	4.0539
1354	3.9669499999999998	4.4333	4.4333
1355	4.406599999999999	4.8306	4.8306
1356	4.2463	1.9717	1.9717
1357	1.8648	3.5439	3.5439
1358	3.7106	2.79695	2.79695
1359	3.9324	7.28295	7.28295
1360	6.6743	4.0309	4.0309
1361	0.0	0.0	0.0
1362	0.0	0.0	0.0
1363	4.1539	2.9938	2.9938
1364	2.5822	3.2697	3.2697
1365	4.46455	5.5016	5.5016
1366	0.0	0.0	0.0
1367	0.0	0.0	0.0
1368	0.0	0.0	0.0
1369	3.5185	3.8153	3.8153
1370	3.4889	4.1157	4.1157
1371	2.9764	3.1836	3.1836
1372	3.5105	2.9338	2.9338
1373	0.0	0.0	0.0
1374	1.87275	0.0	0.0
1375	4.3328	4.2285	4.2285
1376	4.9659	5.6774	5.6774
1377	0.0	0.0	0.0
1378	3.80015	2.3916	2.3916
1379	3.9756	1.5508	1.5508
1380	0.0	0.0	0.0
1381	4.5189	1.3927	1.3927
1382	3.3663	3.583	3.583
1383	3.7628500000000003	1.0168	1.0168
1384	0.0	0.0	0.0
1385	0.0	0.0	0.0
1386	3.00555	1.7263	1.7263
1387	3.4166	5.3474	5.3474
1388	2.4294	1.8316	1.8316
1389	3.08595	3.1912	3.1912
1390	3.6104	3.3914	3.3914
1391	4.1876	4.4328	4.4328
1392	4.2371	2.6238	2.6238
1393	3.8385	2.7055	2.7055
1394	0.0	0.0	0.0
1395	4.5892	4.9976	4.9976
1396	3.2196	3.3102	3.3102
1397	0.0	0.0	0.0
1398	3.0568	1.7967	1.7967
1399	1.777	0.85505	0.85505
1400	5.6659	4.85175	4.85175
1401	4.244949999999999	4.12085	4.12085
1402	2.5904	2.5012499999999998	2.5012499999999998
1403	3.55	3.6242	3.6242
1404	2.30915	1.5612	1.5612
1405	3.5661	3.6242	3.6242
1406	2.7352999999999996	2.99335	2.99335
1407	3.9128	3.9061	3.9061
1408	2.012	4.7824	4.7824
1409	4.1747	4.192	4.192
1410	3.64525	0.8844	0.8844
1411	3.4918	4.772349999999999	4.772349999999999
1412	2.0022	4.78185	4.78185
1413	4.6519	3.7681	3.7681
1414	3.9083	0.5291	0.5291
1415	2.7209	7.8246	7.8246
1416	4.1473	4.0088	4.0088
1417	3.8749	3.9793	3.9793
1418	0.0	0.0	0.0
1419	3.2894	1.7159	1.7159
1420	4.2109000000000005	3.7531	3.7531
1421	3.5942499999999997	0.8843	0.8843
1422	3.4395	3.1643	3.1643
1423	0.0	0.0	0.0
1424	3.9673	2.4472	2.4472
1425	3.3615	0.8141	0.8141
1426	5.2459	2.7234499999999997	2.7234499999999997
1427	3.82515	3.3207	3.3207
1428	0.0	0.0	0.0
1429	3.91115	1.7009	1.7009
1430	0.0	0.0	0.0
1431	4.6905	3.5684	3.5684
1432	3.9205	4.1276	4.1276
1433	0.0	0.0	0.0
1434	1.339	2.6839500000000003	2.6839500000000003
1435	4.0028	3.6314	3.6314
1436	4.0405	4.3519000000000005	4.3519000000000005
1437	4.2871	2.9686500000000002	2.9686500000000002
1438	2.8944	2.0728999999999997	2.0728999999999997
1439	4.6545	5.4594	5.4594
1440	1.9605	1.7536	1.7536
1441	4.54835	4.2387	4.2387
1442	1.3728	2.6839500000000003	2.6839500000000003
1443	3.5926	2.6853	2.6853
1444	4.6567	3.8318	3.8318
1445	4.2717	3.6453	3.6453
1446	4.0224	5.9535	5.9535
1447	1.9508	0.0	0.0
1448	4.7004	3.7039999999999997	3.7039999999999997
1449	3.0619	6.832	6.832
1450	3.0653	2.99005	2.99005
1451	2.73	3.9211	3.9211
1452	4.4404	5.0359	5.0359
1453	2.7012	2.8981	2.8981
1454	1.8559	3.0598	3.0598
1455	4.0184	6.03905	6.03905
1456	3.1348	5.403449999999999	5.403449999999999
1457	2.0872	4.2926	4.2926
1458	4.3165	3.1851000000000003	3.1851000000000003
1459	4.787850000000001	1.6752	1.6752
1460	4.3713	3.77315	3.77315
1461	4.05125	4.8253	4.8253
1462	1.7052	1.5299	1.5299
1463	2.6064	6.7224	6.7224
1464	3.4758	5.7927	5.7927
1465	2.085	1.8314	1.8314
1466	4.05125	4.8251	4.8251
1467	2.7910000000000004	2.6678	2.6678
1468	2.5675999999999997	4.2587	4.2587
1469	0.0	0.0	0.0
1470	4.1164	4.6797	4.6797
1471	0.0	0.0	0.0
1472	3.1847	3.7453	3.7453
1473	4.8598	3.7962	3.7962
1474	2.352	4.2414	4.2414
1475	3.2201	2.5169	2.5169
1476	2.4721	5.6617999999999995	5.6617999999999995
1477	2.5675999999999997	4.2587	4.2587
1478	3.7796	3.4464	3.4464
1479	2.1111	2.3224	2.3224
1480	6.4894	3.9257	3.9257
1481	4.1471	3.1863	3.1863
1482	4.1194	3.9940499999999997	3.9940499999999997
1483	2.4441	3.4381	3.4381
1484	3.8855	2.9474	2.9474
1485	2.89235	3.9174	3.9174
1486	3.647	4.8825	4.8825
1487	2.886	2.2923	2.2923
1488	4.8649000000000004	1.70905	1.70905
1489	1.8263	3.6822	3.6822
1490	3.0410500000000003	3.6131	3.6131
1491	3.236	3.4797	3.4797
1492	4.1194	3.9940499999999997	3.9940499999999997
1493	4.025	6.1492	6.1492
1494	4.2303	3.5179	3.5179
1495	3.6798	2.5635	2.5635
1496	3.6175	3.45545	3.45545
1497	3.6798	2.5635	2.5635
1498	4.2987	3.1403	3.1403
1499	3.967	3.0458	3.0458
1500	4.5546	3.0595	3.0595
1501	2.7121	3.962	3.962
1502	4.7479	3.3741	3.3741
1503	7.191	5.6547	5.6547
1504	3.2425	3.7376500000000004	3.7376500000000004
1505	3.4151	3.3001	3.3001
1506	2.0845	2.6965	2.6965
1507	0.0	0.0	0.0
1508	2.3585	3.79695	3.79695
1509	2.7121	3.9654999999999996	3.9654999999999996
1510	3.2238	3.6977	3.6977
1511	3.97635	4.6525	4.6525
1512	0.0	0.0	0.0
1513	4.1814	3.374	3.374
1514	3.4824	3.011	3.011
1515	0.0	0.0	0.0
1516	3.0618	2.8411	2.8411
1517	3.4824	3.0262	3.0262
1518	4.0433	2.7613	2.7613
1519	4.0585	3.08255	3.08255
1520	2.9607	3.36365	3.36365
1521	0.0	0.0	0.0
1522	2.5619	0.8829	0.8829
1523	3.5721	4.176	4.176
1524	4.15945	0.0	0.0
1525	3.4105499999999997	3.0742	3.0742
1526	2.5023	2.0234	2.0234
1527	4.22845	3.5337	3.5337
1528	0.0	0.0	0.0
1529	5.6541999999999994	3.5475	3.5475
1530	3.9259	3.0392	3.0392
1531	3.60815	3.4267	3.4267
1532	2.0697	3.4492	3.4492
1533	3.9692	3.3072	3.3072
1534	4.3348	1.2751	1.2751
1535	2.472	2.8132	2.8132
1536	2.9175	4.4524	4.4524
1537	4.207700000000001	6.1873000000000005	6.1873000000000005
1538	3.7708000000000004	5.553699999999999	5.553699999999999
1539	6.7076	4.01085	4.01085
1540	2.0982	3.6536	3.6536
1541	2.2019	4.4652	4.4652
1542	2.9222	2.6963	2.6963
1543	3.1202	2.5023	2.5023
1544	0.0	0.0	0.0
1545	0.0	0.0	0.0
1546	3.9854000000000003	5.3303	5.3303
1547	4.2329	5.7553	5.7553
1548	4.22845	3.5337	3.5337
1549	2.667	3.6163	3.6163
1550	0.0	0.0	0.0
1551	0.0	0.0	0.0
1552	0.0	0.0	0.0
1553	4.31515	4.855650000000001	4.855650000000001
1554	3.5216	2.9644	2.9644
1555	3.00445	1.683	1.683
1556	5.2183	3.7684	3.7684
1557	3.6924	2.5487	2.5487
1558	0.0	0.0	0.0
1559	3.61	2.716	2.716
1560	2.9662	2.7708500000000003	2.7708500000000003
1561	0.0	0.0	0.0
1562	4.3175	2.7503	2.7503
1563	0.0	1.52455	1.52455
1564	2.0455	2.8344	2.8344
1565	2.0937	2.8169	2.8169
1566	2.5801	2.9895500000000004	2.9895500000000004
1567	0.0	0.0	0.0
1568	0.0	0.0	0.0
1569	2.6209	5.7588	5.7588
1570	5.7188	3.618	3.618
1571	0.0	0.0	0.0
1572	4.0353	2.61115	2.61115
1573	2.5511	2.4985999999999997	2.4985999999999997
1574	2.5208	3.452	3.452
1575	3.76435	2.54725	2.54725
1576	2.6861	1.6936499999999999	1.6936499999999999
1577	0.0	0.0	0.0
1578	4.091950000000001	5.6742	5.6742
1579	0.0	0.0	0.0
1580	0.0	0.0	0.0
1581	1.9228	3.6729000000000003	3.6729000000000003
1582	2.6619	3.2672	3.2672
1583	3.8646	3.3178	3.3178
1584	5.23545	3.475	3.475
1585	4.875	2.2491	2.2491
1586	4.0994	4.7392	4.7392
1587	4.0542	2.7454	2.7454
1588	3.45265	1.70635	1.70635
1589	2.5275999999999996	1.3184	1.3184
1590	3.4369	2.1882	2.1882
1591	1.71555	1.8449	1.8449
1592	3.9532	4.9187	4.9187
1593	3.98	2.157	2.157
1594	0.0	3.2767999999999997	3.2767999999999997
1595	2.7417	2.11735	2.11735
1596	4.13565	4.1623	4.1623
1597	4.2538	4.3539	4.3539
1598	4.1537	3.4304	3.4304
1599	5.2533	2.5667	2.5667
1600	3.6197	2.09755	2.09755
1601	0.0	4.8495	4.8495
1602	5.293749999999999	4.0384	4.0384
1603	2.4295999999999998	3.1951	3.1951
1604	3.6543	4.5063	4.5063
1605	4.4542	5.46555	5.46555
1606	2.2843999999999998	1.8063500000000001	1.8063500000000001
1607	2.7862	1.6188	1.6188
1608	0.0	0.0	0.0
1609	0.0	0.0	0.0
1610	0.0	0.0	0.0
1611	4.449249999999999	3.7605500000000003	3.7605500000000003
1612	4.1277	6.0669	6.0669
1613	3.779	2.0823	2.0823
1614	1.945	3.6582	3.6582
1615	2.4827	2.0476	2.0476
1616	3.88165	4.2081	4.2081
1617	2.9872	2.7458	2.7458
1618	4.0366	2.4511	2.4511
1619	2.7929	2.0999	2.0999
1620	1.11355	0.0	0.0
1621	0.0	0.0	0.0
1622	4.5943	1.0913	1.0913
1623	3.17565	3.4668	3.4668
1624	4.79795	3.7605500000000003	3.7605500000000003
1625	3.3831	3.64185	3.64185
1626	4.4838	4.2503	4.2503
1627	4.4619	3.8845	3.8845
1628	3.5096499999999997	3.58335	3.58335
1629	4.5245	0.8498	0.8498
1630	4.6845	4.2041	4.2041
1631	3.175	3.3175	3.3175
1632	4.4972	1.0265	1.0265
1633	0.0	0.0	0.0
1634	3.5913	3.56355	3.56355
1635	4.5054	0.4982	0.4982
1636	0.0	0.0	0.0
1637	1.8743	1.8331	1.8331
1638	4.165150000000001	3.1105	3.1105
1639	3.7005	2.7635	2.7635
1640	4.3134	3.9156500000000003	3.9156500000000003
1641	2.8726	3.5328	3.5328
1642	0.0	0.0	0.0
1643	4.109	4.5516	4.5516
1644	4.407	3.9094	3.9094
1645	0.0	0.0	0.0
1646	4.80405	3.9654	3.9654
1647	5.0969	4.2558	4.2558
1648	0.0	0.0	0.0
1649	3.6144	1.3107	1.3107
1650	2.13385	3.0772	3.0772
1651	0.0	0.0	0.0
1652	1.9063	3.0628	3.0628
1653	3.9203	2.8445	2.8445
1654	3.12605	3.205	3.205
1655	3.3508	2.5315	2.5315
1656	3.2415	3.1857	3.1857
1657	0.0	0.0	0.0
1658	4.6447	0.0	0.0
1659	6.9952000000000005	2.1454500000000003	2.1454500000000003
1660	3.5944000000000003	3.6285499999999997	3.6285499999999997
1661	6.2243	3.9065	3.9065
1662	4.0742	4.9283	4.9283
1663	3.2194	1.7575	1.7575
1664	6.2243	3.9062	3.9062
1665	2.4185499999999998	0.0	0.0
1666	4.8701	4.267	4.267
1667	0.0	0.0	0.0
1668	0.0	0.0	0.0
1669	3.33355	1.6596	1.6596
1670	2.72955	4.7262	4.7262
1671	2.4748	2.4543	2.4543
1672	3.8555	2.7121	2.7121
1673	2.2109	1.2054	1.2054
1674	0.0	0.0	0.0
1675	2.8624	2.1443	2.1443
1676	2.2469	3.59585	3.59585
1677	0.0	0.0	0.0
1678	0.0	0.0	0.0
1679	3.7824	0.0	0.0
1680	0.0	0.0	0.0
1681	4.67975	3.52385	3.52385
1682	3.9814	4.0481	4.0481
1683	3.3223	1.1694	1.1694
1684	3.9046000000000003	5.3503	5.3503
1685	0.0	0.0	0.0
1686	3.0458	3.6519	3.6519
1687	4.8004	4.5049	4.5049
1688	0.0	0.0	0.0
1689	4.6066	4.6758	4.6758
1690	4.04895	4.6551	4.6551
1691	2.969	3.5671	3.5671
1692	0.0	0.0	0.0
1693	3.9727	1.57305	1.57305
1694	2.814	2.7318	2.7318
1695	2.1678	1.49655	1.49655
1696	1.94775	0.0	0.0
1697	3.2801	3.9114	3.9114
1698	0.0	0.0	0.0
1699	4.1068	1.96425	1.96425
1700	3.9044	1.8555000000000001	1.8555000000000001
1701	5.12255	4.1612	4.1612
1702	4.7998	3.88195	3.88195
1703	3.6416	3.7060500000000003	3.7060500000000003
1704	1.1901	6.6908	6.6908
1705	3.5326	3.2761	3.2761
1706	3.5929	2.0908	2.0908
1707	3.6228499999999997	3.6047	3.6047
1708	0.0	0.0	0.0
1709	4.8584	5.7865	5.7865
1710	0.0	0.0	0.0
1711	2.6662	3.99705	3.99705
1712	2.9048	3.8737500000000002	3.8737500000000002
1713	0.0	0.0	0.0
1714	0.0	0.0	0.0
1715	3.3021	1.6698	1.6698
1716	3.2815000000000003	2.2702	2.2702
1717	4.7645	3.6651	3.6651
1718	2.68695	2.2157	2.2157
1719	3.78025	5.59415	5.59415
1720	0.0	1.0707	1.0707
1721	5.4313	0.0	0.0
1722	3.0032	4.073	4.073
1723	3.1022	4.5397	4.5397
1724	0.0	0.0	0.0
1725	2.7118	2.2177	2.2177
1726	0.0	0.0	0.0
1727	3.9554	5.6764	5.6764
1728	3.2574	3.4626	3.4626
1729	3.6513	0.94265	0.94265
1730	4.101100000000001	5.1137	5.1137
1731	2.5734500000000002	2.9509	2.9509
1732	4.0093	4.23485	4.23485
1733	2.9601	1.6423999999999999	1.6423999999999999
1734	0.0	0.0	0.0
1735	4.2519	4.1292	4.1292
1736	0.0	0.0	0.0
1737	0.0	0.0	0.0
1738	3.3627	1.7169500000000002	1.7169500000000002
1739	0.0	1.4758	1.4758
1740	0.0	0.0	0.0
1741	3.637	0.0	0.0
1742	3.6863	3.0857	3.0857
1743	2.9000500000000002	4.802	4.802
1744	3.7793	2.777	2.777
1745	3.4003	0.8188	0.8188
1746	3.801	2.422	2.422
1747	0.0	0.0	0.0
1748	3.2341	3.1329	3.1329
1749	3.81365	3.58965	3.58965
1750	4.0712	2.0207	2.0207
1751	1.506	0.0	0.0
1752	0.0	0.0	0.0
1753	0.6496	6.8603000000000005	6.8603000000000005
1754	2.0594	3.9143	3.9143
1755	4.00305	2.4861	2.4861
1756	2.0628	2.2859	2.2859
1757	2.263	3.3672500000000003	3.3672500000000003
1758	3.0987	1.3534	1.3534
1759	3.4314	3.8717	3.8717
1760	0.0	0.0	0.0
1761	0.0	0.0	0.0
1762	4.0447	2.6514	2.6514
1763	4.9488	4.1941	4.1941
1764	4.0192499999999995	3.9504	3.9504
1765	4.2652	4.4471	4.4471
1766	4.5647	6.0629	6.0629
1767	2.9661999999999997	3.3916	3.3916
1768	0.0	0.0	0.0
1769	4.294499999999999	3.0635	3.0635
1770	4.1117	1.1165	1.1165
1771	3.1562	0.0	0.0
1772	5.1754	6.4608	6.4608
1773	0.0	0.0	0.0
1774	3.3334	3.8369	3.8369
1775	3.6403	3.02105	3.02105
1776	4.051	0.0	0.0
1777	4.15685	3.4996	3.4996
1778	4.6637	4.3908	4.3908
1779	3.043	3.6892	3.6892
1780	5.24705	0.0	0.0
1781	0.0	0.0	0.0
1782	3.6204	0.50305	0.50305
1783	3.1889	2.3502	2.3502
1784	2.1957	3.3612	3.3612
1785	3.537	2.8431	2.8431
1786	0.0	0.0	0.0
1787	0.0	0.0	0.0
1788	0.0	0.0	0.0
1789	3.1147	3.4038	3.4038
1790	2.8466	1.5565	1.5565
1791	2.9394	2.8801	2.8801
1792	0.0	0.0	0.0
1793	4.43625	4.3872	4.3872
1794	2.9989	1.3255	1.3255
1795	2.3688000000000002	5.0721	5.0721
1796	0.0	0.0	0.0
1797	0.0	0.0	0.0
1798	0.0	1.9647	1.9647
1799	0.0	0.0	0.0
1800	3.7493	1.6468	1.6468
1801	2.2138999999999998	1.4354	1.4354
1802	1.6439	6.1601	6.1601
1803	3.8568	3.3897	3.3897
1804	4.5578	5.4305	5.4305
1805	0.0	0.0	0.0
1806	2.3507	0.0	0.0
1807	4.3212	2.78485	2.78485
1808	4.6137	4.5267	4.5267
1809	3.1919	4.8696	4.8696
1810	0.0	1.097	1.097
1811	2.9744	1.4804	1.4804
1812	3.8945	4.184	4.184
1813	3.9743	3.7891	3.7891
1814	3.5144	3.91735	3.91735
1815	2.6276	5.51405	5.51405
1816	0.0	0.0	0.0
1817	3.47845	2.6257	2.6257
1818	3.9059	3.8987	3.8987
1819	2.4233	3.5825	3.5825
1820	2.08025	2.7662	2.7662
1821	4.4594	3.0703	3.0703
1822	0.0	0.0	0.0
1823	0.0	0.0	0.0
1824	1.4886	6.0684	6.0684
1825	1.26055	0.0	0.0
1826	3.0393	3.1278499999999996	3.1278499999999996
1827	4.4101	3.4309	3.4309
1828	0.0	0.0	0.0
1829	4.5282	3.1187	3.1187
1830	4.0728	4.9591	4.9591
1831	2.98505	2.3762	2.3762
1832	1.94405	5.7857	5.7857
1833	3.8366	3.3693	3.3693
1834	2.4124	3.55985	3.55985
1835	2.92075	0.0	0.0
1836	0.0	0.0	0.0
1837	4.79775	4.0656	4.0656
1838	3.888	3.5694999999999997	3.5694999999999997
1839	3.6708999999999996	4.7717	4.7717
1840	3.6558	2.35045	2.35045
1841	4.727	2.6302	2.6302
1842	3.3762499999999998	2.8067	2.8067
1843	5.6214	3.32245	3.32245
1844	3.6335	3.9024	3.9024
1845	2.3953	0.0	0.0
1846	5.66155	4.116899999999999	4.116899999999999
1847	2.783	2.78815	2.78815
1848	4.7517	3.1175	3.1175
1849	3.7472	2.9884	2.9884
1850	3.2222	6.7618	6.7618
1851	4.7401	0.0	0.0
1852	0.0	0.0	0.0
1853	3.3323	0.8116	0.8116
1854	0.0	0.0	0.0
1855	2.97925	2.2075	2.2075
1856	2.6699	2.0791	2.0791
1857	3.5896	0.0	0.0
1858	3.9084000000000003	3.69585	3.69585
1859	0.0	0.0	0.0
1860	0.0	0.0	0.0
1861	0.0	0.0	0.0
1862	0.0	0.0	0.0
1863	6.7626	3.5869	3.5869
1864	3.7662	2.8919	2.8919
1865	2.3474	3.4528	3.4528
1866	0.4999	5.816	5.816
1867	3.7691	2.88985	2.88985
1868	3.836	5.51915	5.51915
1869	2.9388	3.8862	3.8862
1870	4.4281	4.3326	4.3326
1871	3.4783	3.00425	3.00425
1872	3.0906000000000002	4.7574	4.7574
1873	4.5726	3.6314	3.6314
1874	2.2682	3.0415	3.0415
1875	0.0	0.0	0.0
1876	4.5313	2.079	2.079
1877	1.8285	4.3433	4.3433
1878	1.5758	3.4845	3.4845
1879	2.0284	1.1148	1.1148
1880	1.8093	2.88345	2.88345
1881	3.9475	4.1818	4.1818
1882	0.0	0.0	0.0
1883	1.7897	0.0	0.0
1884	2.9076	3.1791	3.1791
1885	3.8335	5.5881	5.5881
1886	5.7096	5.7721	5.7721
1887	4.5691	3.5231000000000003	3.5231000000000003
1888	6.019	2.5066	2.5066
1889	0.0	0.0	0.0
1890	2.7497	2.1037	2.1037
1891	2.6853499999999997	2.1138500000000002	2.1138500000000002
1892	3.9194	2.5039	2.5039
1893	5.2469	1.4703	1.4703
1894	5.6175	3.4628	3.4628
1895	2.43285	1.2645	1.2645
1896	2.7871	2.1887	2.1887
1897	3.7277	3.0148	3.0148
1898	1.5365	5.8529	5.8529
1899	0.0	0.0	0.0
1900	4.7056	4.2609	4.2609
1901	3.3142	2.0906	2.0906
1902	4.29275	4.8482	4.8482
1903	4.3506	4.85445	4.85445
1904	4.1318	3.3814	3.3814
1905	0.0	0.0	0.0
1906	4.0203	4.9414	4.9414
1907	1.4099	3.9832	3.9832
1908	3.118	3.2658	3.2658
1909	0.0	0.0	0.0
1910	4.963900000000001	4.26855	4.26855
1911	5.8298	2.0958	2.0958
1912	4.8584	6.0993	6.0993
1913	0.0	0.0	0.0
1914	3.8528000000000002	3.6974	3.6974
1915	4.28255	6.4194	6.4194
1916	0.0	0.0	0.0
1917	2.7546999999999997	3.5312	3.5312
1918	4.28255	6.4194	6.4194
1919	3.8282	2.9938	2.9938
1920	2.3512	3.8987	3.8987
1921	4.0757	3.45545	3.45545
1922	6.5408	2.9283	2.9283
1923	2.1518	4.90625	4.90625
1924	3.0008	2.3325	2.3325
1925	5.50005	5.337899999999999	5.337899999999999
1926	0.0	0.0	0.0
1927	5.4544	6.89715	6.89715
1928	3.0523	0.0	0.0
1929	3.5091	3.55	3.55
1930	3.4731	4.63565	4.63565
1931	2.16845	5.29175	5.29175
1932	3.7051	0.0	0.0
1933	3.56335	0.7722	0.7722
1934	2.0029500000000002	2.5926	2.5926
1935	3.9637	4.0334	4.0334
1936	2.434	0.5833	0.5833
1937	0.0	0.0	0.0
1938	3.89825	3.7249	3.7249
1939	5.7101	4.4401	4.4401
1940	2.5966	1.1172	1.1172
1941	4.9891	3.98475	3.98475
1942	4.39265	2.9741	2.9741
1943	4.5365	4.1240000000000006	4.1240000000000006
1944	1.5951	3.2393	3.2393
1945	1.8195999999999999	4.1634	4.1634
1946	2.2857	2.7335	2.7335
1947	0.0	0.9213	0.9213
1948	4.699	0.0	0.0
1949	0.0	0.0	0.0
1950	0.0	0.0	0.0
1951	2.7395	2.6439	2.6439
1952	4.0631	1.1958	1.1958
1953	0.05975	0.0	0.0
1954	2.2585	1.3844	1.3844
1955	4.7694	4.0013	4.0013
1956	3.2071	0.0	0.0
1957	4.4512	4.01805	4.01805
1958	2.5062	1.6258	1.6258
1959	0.0	0.0	0.0
1960	3.81395	4.3051	4.3051
1961	3.8897	1.8177	1.8177
1962	6.1978	2.4332	2.4332
1963	4.6982	4.692	4.692
1964	4.2482	5.0337	5.0337
1965	3.6954	4.2404	4.2404
1966	3.7559	0.0	0.0
1967	0.0	2.5135	2.5135
1968	3.8599	2.4206	2.4206
1969	5.41965	3.7333	3.7333
1970	0.0	0.0	0.0
1971	5.1362	3.5606	3.5606
1972	3.9552	3.4697	3.4697
1973	3.3826	0.0	0.0
1974	0.0	0.0	0.0
1975	3.67245	3.0498000000000003	3.0498000000000003
1976	4.59995	2.4842000000000004	2.4842000000000004
1977	0.0	0.0	0.0
1978	2.9218	2.6478	2.6478
1979	0.0	0.0	0.0
1980	4.3854	2.3912	2.3912
1981	0.0	0.0	0.0
1982	0.0	0.0	0.0
1983	0.0	0.0	0.0
1984	0.0	0.0	0.0
1985	0.0	0.0	0.0
1986	5.0564	4.9879	4.9879
1987	3.8487	2.1135	2.1135
1988	2.3529	2.5203	2.5203
1989	3.1007	5.674200000000001	5.674200000000001
1990	5.2669	3.42485	3.42485
1991	5.2669	3.42485	3.42485
1992	0.0	0.0	0.0
1993	1.9625500000000002	5.91925	5.91925
1994	4.9829	4.074	4.074
1995	0.0	0.0	0.0
1996	3.8689	4.0798	4.0798
1997	0.0	0.0	0.0
1998	1.1021	1.8991500000000001	1.8991500000000001
1999	2.4873	1.5898	1.5898
2000	1.7921	3.8686	3.8686
2001	3.2172	2.6244	2.6244
2002	3.8999	3.0049	3.0049
2003	3.9271	2.9017	2.9017
2004	0.0	2.9315499999999997	2.9315499999999997
2005	1.94645	0.0	0.0
2006	2.9599	4.7402	4.7402
2007	3.4355	0.0	0.0
2008	1.3518	2.9415	2.9415
2009	4.2143	5.3576999999999995	5.3576999999999995
2010	5.8934	1.9994	1.9994
2011	4.42705	4.3229500000000005	4.3229500000000005
2012	0.0	0.0	0.0
2013	4.77205	3.3919499999999996	3.3919499999999996
2014	4.0831	3.39335	3.39335
2015	0.0	0.0	0.0
2016	3.0073499999999997	3.3295	3.3295
2017	0.0	0.0	0.0
2018	0.0	0.0	0.0
2019	0.0	0.0	0.0
2020	0.0	0.0	0.0
2021	1.0778	4.3667	4.3667
2022	1.7167	5.55135	5.55135
2023	0.0	0.0	0.0
2024	3.5259	3.6767	3.6767
2025	2.2657	0.0	0.0
2026	5.23995	4.7418	4.7418
2027	4.0199	3.48735	3.48735
2028	0.0	0.0	0.0
2029	1.02485	3.7201	3.7201
2030	4.0291	3.1673	3.1673
2031	2.1665	0.0	0.0
2032	0.0	0.0	0.0
2033	4.1187	2.5254	2.5254
2034	4.0401	3.9682	3.9682
2035	0.0	0.0	0.0
2036	0.0	0.0	0.0
2037	0.0	0.0	0.0
2038	0.0	0.0	0.0
2039	2.99805	3.3434999999999997	3.3434999999999997
2040	2.9691	2.2628	2.2628
2041	3.4542	4.2315	4.2315
2042	0.0	4.46155	4.46155
2043	4.9632	2.8794	2.8794
2044	3.876	2.7167	2.7167
2045	3.3882	2.9218	2.9218
2046	4.6361	1.2088	1.2088
2047	0.0	0.0	0.0
2048	3.2043	0.0	0.0
2049	4.6194	0.0	0.0
2050	2.32925	5.5485	5.5485
2051	4.52055	2.3779500000000002	2.3779500000000002
2052	3.4825	4.4023	4.4023
2053	0.9189	3.6329000000000002	3.6329000000000002
2054	5.3016	3.8721	3.8721
2055	3.6292	2.8908	2.8908
2056	4.6296	4.4973	4.4973
2057	6.7675	3.4974999999999996	3.4974999999999996
2058	3.2488	0.8284	0.8284
2059	3.3263	0.0	0.0
2060	4.0206	3.49425	3.49425
2061	0.0	0.0	0.0
2062	3.4291	4.253	4.253
2063	0.0	0.0	0.0
2064	0.0	1.0924	1.0924
2065	4.9029	4.3713	4.3713
2066	0.0	0.0	0.0
2067	3.6758	0.0	0.0
2068	4.23255	6.3158	6.3158
2069	3.6528	4.7997499999999995	4.7997499999999995
2070	0.0	0.0	0.0
2071	1.9727	4.6464	4.6464
2072	4.8508	4.6232	4.6232
2073	5.5771	2.6433999999999997	2.6433999999999997
2074	0.0	0.0	0.0
2075	4.48705	1.7314	1.7314
2076	2.4407	4.0931	4.0931
2077	4.0966	3.3797	3.3797
2078	0.0	0.4054	0.4054
2079	4.48705	1.7255	1.7255
2080	5.8815	4.9356	4.9356
2081	4.3496	4.277	4.277
2082	3.9023	0.0	0.0
2083	0.0	0.0	0.0
2084	3.16615	0.0	0.0
2085	3.4791999999999996	1.43885	1.43885
2086	3.9929	2.9373	2.9373
2087	1.6723	1.611	1.611
2088	2.5673	0.0	0.0
2089	3.8433	2.78195	2.78195
2090	0.9917	1.97965	1.97965
2091	3.2084	2.2409	2.2409
2092	4.661	3.6881	3.6881
2093	3.2084	2.2409	2.2409
2094	0.0	3.6243	3.6243
2095	0.0	0.0	0.0
2096	0.0	0.0	0.0
2097	4.2457	0.0	0.0
2098	3.8498	3.2083	3.2083
2099	0.0	0.0	0.0
2100	0.0	4.6143	4.6143
2101	3.1712999999999996	0.0	0.0
2102	0.0	2.697	2.697
2103	2.5205	0.0	0.0
2104	3.5185500000000003	3.77775	3.77775
2105	3.6017	4.0401	4.0401
2106	6.4834	3.0596	3.0596
2107	3.9726	0.0	0.0
2108	0.9447000000000001	0.7965	0.7965
2109	0.0	0.0	0.0
2110	0.0	0.0	0.0
2111	5.202	5.5668	5.5668
2112	0.0	0.0	0.0
2113	4.483750000000001	3.3325500000000003	3.3325500000000003
2114	3.4089	0.0	0.0
2115	5.8432	4.14295	4.14295
2116	4.7652	4.6296	4.6296
2117	4.988	2.4351	2.4351
2118	0.0	1.655	1.655
2119	4.50985	2.0507	2.0507
2120	3.8676	3.0204500000000003	3.0204500000000003
2121	0.0	0.0	0.0
2122	4.3633500000000005	3.6726	3.6726
2123	3.1599	0.0	0.0
2124	4.5034	3.0297	3.0297
2125	3.799	4.1122	4.1122
2126	2.0631	2.9242	2.9242
2127	3.2455	0.708	0.708
2128	4.5731	0.0	0.0
2129	3.10655	0.0	0.0
2130	3.1426	2.36375	2.36375
2131	1.3503	2.1061	2.1061
2132	0.0	0.0	0.0
2133	2.7811	0.3272	0.3272
2134	1.3503	2.1061	2.1061
2135	1.8876	3.8751	3.8751
2136	7.83775	4.477	4.477
2137	3.5128500000000003	2.8912500000000003	2.8912500000000003
2138	1.8449	5.4608	5.4608
2139	3.8834	0.0	0.0
2140	0.0	0.0	0.0
2141	4.6092	3.8494	3.8494
2142	3.2393	0.0	0.0
2143	0.0	0.0	0.0
2144	4.0674	3.0718500000000004	3.0718500000000004
2145	3.8187	0.0	0.0
2146	4.38045	3.5893	3.5893
2147	4.13645	3.8274	3.8274
2148	2.0548	1.31225	1.31225
2149	1.88205	7.1113	7.1113
2150	3.67335	2.3092	2.3092
2151	1.0971	5.3599	5.3599
2152	3.27425	4.1152	4.1152
2153	5.8361	2.4699	2.4699
2154	0.0	0.0	0.0
2155	3.3446	4.2761	4.2761
2156	3.52165	0.0	0.0
2157	4.78315	3.4212499999999997	3.4212499999999997
2158	0.0	0.0	0.0
2159	1.4388	0.0	0.0
2160	4.78315	3.4212499999999997	3.4212499999999997
2161	0.0	0.0	0.0
2162	3.9861	0.0	0.0
2163	0.0	0.0	0.0
2164	6.082	0.0	0.0
2165	3.42955	3.2321	3.2321
2166	0.0	0.0	0.0
2167	3.1887	3.95	3.95
2168	3.2658	1.9945	1.9945
2169	0.0	0.0	0.0
2170	5.8937	2.8052	2.8052
2171	0.0	4.4016	4.4016
2172	4.8895	4.3699	4.3699
2173	0.0	0.0	0.0
2174	2.478	2.7243500000000003	2.7243500000000003
2175	4.822	3.8520000000000003	3.8520000000000003
2176	0.0	0.0	0.0
2177	0.0	0.0	0.0
2178	4.62005	0.0	0.0
2179	4.88905	0.0	0.0
2180	0.0	0.0	0.0
2181	4.98005	0.0	0.0
2182	2.4991	2.2686	2.2686
2183	4.53115	3.359	3.359
2184	5.72055	2.1929	2.1929
2185	3.1202	3.9316500000000003	3.9316500000000003
2186	4.0179	1.8246	1.8246
2187	4.3262	0.0	0.0
2188	0.0	0.0	0.0
2189	3.9838	0.0	0.0
2190	0.0	0.0	0.0
2191	0.0	0.0	0.0
2192	3.726	0.0	0.0
2193	0.0	0.0	0.0
2194	2.68385	1.2488	1.2488
2195	0.0	0.0	0.0
2196	0.0	0.0	0.0
2197	2.7999	4.1877	4.1877
2198	3.7327500000000002	3.6333	3.6333
2199	0.0	0.0	0.0
2200	4.0294	4.8899	4.8899
2201	0.0	0.0	0.0
2202	0.27925	2.538	2.538
2203	1.7608	0.0	0.0
2204	0.0	0.0	0.0
2205	0.0	5.6045	5.6045
2206	4.3744499999999995	3.0101	3.0101
2207	3.8864	3.0032	3.0032
2208	4.2886	0.0	0.0
2209	0.0	0.0	0.0
2210	2.8444000000000003	2.33345	2.33345
2211	0.0	0.0	0.0
2212	4.6433	0.0	0.0
2213	4.4796499999999995	0.0	0.0
2214	0.0	0.0	0.0
2215	0.0	0.0	0.0
2216	3.92925	3.9493	3.9493
2217	2.4842	4.072	4.072
2218	0.0	0.0	0.0
2219	4.1839	3.55	3.55
2220	4.9355	3.75595	3.75595
2221	3.3828	3.9716	3.9716
2222	1.3692	2.7842000000000002	2.7842000000000002
2223	0.0	0.0	0.0
2224	0.0	0.0	0.0
2225	4.0248	4.1484	4.1484
2226	0.0	0.0	0.0
2227	2.922	3.9259	3.9259
2228	3.5667	0.95705	0.95705
2229	0.0	0.0	0.0
2230	0.0	0.0	0.0
2231	2.5907	1.4843	1.4843
2232	3.2481	3.902	3.902
2233	0.0	0.0	0.0
2234	3.0559	0.0	0.0
2235	2.3851	0.0	0.0
2236	0.0	0.0	0.0
2237	4.4991	2.58405	2.58405
2238	4.99685	2.7207	2.7207
2239	3.2481	3.902	3.902
2240	0.0	0.0	0.0
2241	0.0	4.4794	4.4794
2242	3.2656	3.2344	3.2344
2243	2.5814	2.4613500000000004	2.4613500000000004
2244	0.0	0.0	0.0
2245	3.4977	4.3003	4.3003
2246	2.8393	3.6078	3.6078
2247	2.6565	3.06895	3.06895
2248	4.88775	3.54195	3.54195
2249	0.0	5.1347	5.1347
2250	3.2357	4.3905	4.3905
2251	5.22395	5.69525	5.69525
2252	2.98625	2.8064	2.8064
2253	0.0	0.0	0.0
2254	3.11895	2.7324	2.7324
2255	4.124700000000001	2.6776	2.6776
2256	0.0	0.0	0.0
2257	0.0	0.0	0.0
2258	4.368	4.438700000000001	4.438700000000001
2259	0.0	0.0	0.0
2260	0.0	0.0	0.0
2261	4.5712	3.3738	3.3738
2262	3.5602	5.794700000000001	5.794700000000001
2263	0.0	2.4397	2.4397
2264	3.6472	2.0355	2.0355
2265	0.0	0.0	0.0
2266	0.0	0.0	0.0
2267	0.0	0.0	0.0
2268	5.24455	5.72515	5.72515
2269	0.0	0.0	0.0
2270	0.0	0.45335000000000003	0.45335000000000003
2271	0.0	0.0	0.0
2272	0.0	4.6753	4.6753
2273	2.8647	4.0086	4.0086
2274	0.0	0.0	0.0
2275	0.0	0.5241	0.5241
2276	2.4345	2.6012500000000003	2.6012500000000003
2277	1.7922	4.3231	4.3231
2278	0.0	0.0	0.0
2279	3.3357	2.8195	2.8195
2280	1.20095	1.0545	1.0545
2281	0.0	0.0	0.0
2282	0.0	0.0	0.0
2283	0.0	0.0	0.0
2284	6.8093	3.7115	3.7115
2285	2.1841	0.0	0.0
2286	5.3225	0.0	0.0
2287	3.5902	3.0077499999999997	3.0077499999999997
2288	3.5765000000000002	3.3809	3.3809
2289	0.0	0.0	0.0
2290	0.0	0.0	0.0
2291	4.0853	3.8215500000000002	3.8215500000000002
2292	4.2859	4.7443	4.7443
2293	3.0662	3.4254	3.4254
2294	2.5563	2.4282	2.4282
2295	0.0	0.0	0.0
2296	2.4746	2.9507000000000003	2.9507000000000003
2297	4.2775	0.0	0.0
2298	4.2405	3.9768	3.9768
2299	0.0	0.0	0.0
2300	2.7142	3.7672	3.7672
2301	3.6949	0.0	0.0
2302	0.0	0.0	0.0
2303	0.0	0.0	0.0
2304	3.3622	1.62925	1.62925
2305	0.0	0.0	0.0
2306	2.3481	0.0	0.0
2307	2.79035	5.0705	5.0705
2308	4.0645	4.79865	4.79865
2309	1.9152	4.4382	4.4382
2310	3.20865	2.6553	2.6553
2311	4.4846	2.662	2.662
2312	0.0	0.0	0.0
2313	3.2723	2.4953	2.4953
2314	0.0	0.0	0.0
2315	5.412	5.9516	5.9516
2316	0.0	4.66275	4.66275
2317	3.2531499999999998	2.5139	2.5139
2318	0.0	0.0	0.0
2319	5.27785	0.73015	0.73015
2320	2.3174	4.6061	4.6061
2321	1.0099	0.0	0.0
2322	3.634	1.7561	1.7561
2323	3.2169	2.6125	2.6125
2324	0.0	0.0	0.0
2325	2.0542	5.2092	5.2092
2326	1.7369	2.6874000000000002	2.6874000000000002
2327	2.5328999999999997	5.2667	5.2667
2328	0.28455	0.0	0.0
2329	0.0	0.0	0.0
2330	6.3966	0.0	0.0
2331	1.8993	5.82515	5.82515
2332	4.700749999999999	3.5557	3.5557
2333	0.0	0.0	0.0
2334	0.0	0.0	0.0
2335	6.6334	3.2738	3.2738
2336	2.71565	0.0	0.0
2337	3.5496	7.7562	7.7562
2338	1.6724999999999999	3.0723	3.0723
2339	1.6431	2.60845	2.60845
2340	2.4046	0.0	0.0
2341	0.0	5.2877	5.2877
2342	2.8756500000000003	0.0	0.0
2343	0.0	0.0	0.0
2344	0.0	0.0	0.0
2345	5.2628	5.1106	5.1106
2346	3.3334	2.242	2.242
2347	0.59215	0.0	0.0
2348	0.0	0.0	0.0
2349	0.0	0.8965	0.8965
2350	0.0	3.4165	3.4165
2351	0.0	0.0	0.0
2352	1.4184	2.38665	2.38665
2353	0.0	0.0	0.0
2354	0.81965	3.3778	3.3778
2355	4.5515	0.0	0.0
2356	4.1136	3.7201	3.7201
2357	2.28005	1.1629	1.1629
2358	0.0	0.0	0.0
2359	2.9645	0.0	0.0
2360	1.61055	0.0	0.0
2361	0.0	4.9768	4.9768
2362	0.0	0.0	0.0
2363	2.61585	0.0	0.0
2364	0.0	0.0	0.0
2365	4.37845	4.2848500000000005	4.2848500000000005
2366	4.4274	0.0	0.0
2367	2.36905	2.8469	2.8469
2368	3.0038	5.2696	5.2696
2369	3.26865	2.7641	2.7641
2370	2.0465	0.0	0.0
2371	2.3819	0.0	0.0
2372	3.5187	4.6121	4.6121
2373	0.0	3.7337	3.7337
2374	5.0385	4.1975	4.1975
2375	1.0919	4.4835	4.4835
2376	4.2624	0.0	0.0
2377	3.3832	2.4648	2.4648
2378	3.454	2.846	2.846
2379	3.7456	0.0	0.0
2380	3.7945	4.1702	4.1702
2381	0.7664	2.998	2.998
2382	0.0	0.0	0.0
2383	5.7992	3.7149	3.7149
2384	5.66905	0.0	0.0
2385	0.0	0.0	0.0
2386	2.8083	0.0	0.0
2387	0.0	0.0	0.0
2388	4.6691	4.6608	4.6608
2389	2.6997	0.0	0.0
2390	2.1012	2.075	2.075
2391	4.4833	2.1684	2.1684
2392	3.4337	4.9781	4.9781
2393	0.0	0.0	0.0
2394	4.357150000000001	4.4814	4.4814
2395	1.4695	0.0	0.0
2396	3.3386	0.0	0.0
2397	3.3762	5.3076	5.3076
2398	6.6574	0.0	0.0
2399	4.3207	4.0547	4.0547
2400	4.1185	3.6852	3.6852
2401	0.0	0.0	0.0
2402	2.9695	2.3819	2.3819
2403	0.0	0.0	0.0
2404	1.4013	2.4795	2.4795
2405	0.0	3.8795	3.8795
2406	3.8099	1.82465	1.82465
2407	7.1836	0.0	0.0
2408	0.0	0.0	0.0
2409	2.7404	3.8366	3.8366
2410	6.01295	4.3447	4.3447
2411	0.0	0.0	0.0
2412	0.0	0.0	0.0
2413	4.3621	2.27165	2.27165
2414	3.0006	3.0586	3.0586
2415	4.3273	3.7925	3.7925
2416	4.90895	3.7894	3.7894
2417	1.25955	0.0	0.0
2418	3.7574	6.6551	6.6551
2419	4.447	3.9933499999999995	3.9933499999999995
2420	0.0	0.0	0.0
2421	0.0	0.0	0.0
2422	3.4865	4.22305	4.22305
2423	0.0	0.0	0.0
2424	0.0	0.0	0.0
2425	0.0	0.0	0.0
2426	0.0	0.0	0.0
2427	0.0	0.0	0.0
2428	0.0	0.0	0.0
2429	4.90835	4.2068	4.2068
2430	0.0	0.0	0.0
2431	0.0	0.0	0.0
2432	0.0	0.0	0.0
2433	0.0	0.0	0.0
2434	6.0383	3.5293	3.5293
2435	0.0	0.0	0.0
2436	4.919449999999999	6.2316	6.2316
2437	5.595	4.7921499999999995	4.7921499999999995
2438	0.0	0.0	0.0
2439	0.0	0.0	0.0
2440	5.08615	3.7573	3.7573
2441	4.8944	4.23275	4.23275
2442	4.7233	4.1611	4.1611
2443	4.787050000000001	6.7781	6.7781
2444	4.6826	3.8424	3.8424
2445	0.0	6.2139	6.2139
2446	0.0	0.0	0.0
2447	4.1772	5.3169	5.3169
2448	4.8908	4.0064	4.0064
2449	4.10745	3.3131	3.3131
2450	3.86665	3.4419	3.4419
2451	0.0	0.0	0.0
2452	0.0	0.0	0.0
2453	5.5156	3.4036	3.4036
2454	3.4153000000000002	3.9659500000000003	3.9659500000000003
2455	0.0	0.0	0.0
2456	5.0413	3.3886	3.3886
2457	3.4805	4.50745	4.50745
2458	4.599399999999999	4.2234	4.2234
2459	0.0	0.0	0.0
2460	3.1388	4.067	4.067
2461	4.8923	2.8575	2.8575
2462	4.5883	2.8622	2.8622
2463	0.0	0.0	0.0
2464	0.0	0.0	0.0
2465	5.0372	5.1725	5.1725
2466	4.0392	1.16685	1.16685
2467	4.576	2.9384	2.9384
2468	3.7349	3.2855999999999996	3.2855999999999996
2469	0.0	0.0	0.0
2470	5.0023	3.7856	3.7856
2471	2.7828	0.1746	0.1746
2472	0.0	0.0	0.0
2473	3.9863	0.3855	0.3855
2474	3.4531	0.0	0.0
2475	5.905	7.6727	7.6727
2476	0.0	0.0	0.0
2477	6.207	3.9189	3.9189
2478	2.6082	0.0	0.0
2479	4.8548	6.4031	6.4031
2480	6.5598	6.19225	6.19225
2481	7.3625	1.5049	1.5049
2482	0.0	0.0	0.0
2483	4.1167	2.974	2.974
2484	0.0	0.0	0.0
2485	0.0	0.0	0.0
2486	4.67455	3.02125	3.02125
2487	0.0	0.0	0.0
2488	3.6531	2.8577	2.8577
2489	0.0	0.0	0.0
2490	0.0	0.0	0.0
2491	0.0	0.0	0.0
2492	8.76115	6.0784	6.0784
2493	0.0	0.0	0.0
2494	0.0	0.0	0.0
2495	2.66175	0.0	0.0
2496	0.0	0.0	0.0
2497	0.0	0.0	0.0
2498	0.0	0.0	0.0
2499	3.53375	4.9673	4.9673
2500	0.0	0.0	0.0
2501	0.0	0.0	0.0
2502	3.6069	6.9292	6.9292
2503	0.0	0.0	0.0
2504	6.7891	3.8742	3.8742
2505	7.7592	5.134	5.134
2506	5.1724	0.0	0.0
2507	1.4572	0.8795	0.8795
2508	0.0	0.0	0.0
