star	x_fwhm	y_fwhm	avg_fwhm	x	y
1	4.1177	3.3157	3.3157	746.58	459.64
2	3.4497	2.91625	2.91625	547.57	493.95
3	3.3752	3.0578	3.0578	462.38	523.01
4	2.5518	2.5662	2.5662	230.97	347.2
5	2.7057	2.6919	2.6919	112.45	420.52
6	2.6677	2.7843	2.7843	153.63	614.49
7	4.4674	4.0879	4.0879	957.99	389.36
8	3.2489	2.877	2.877	500.73	376.04
9	3.46015	2.9185	2.9185	550.72	571.94
10	2.8413	2.6998	2.6998	369.82	409.03
11	3.72315	3.4923	3.4923	580.0	819.65
12	3.4293	2.9146	2.9146	479.33	572.02
13	2.9616	2.9011	2.9011	336.75	573.45
14	1.7894	0.0	0.0	586.45	96.41
15	2.8952	2.769	2.769	366.07	362.05
16	4.119199999999999	3.709	3.709	700.99	686.01
17	3.6551	3.0186	3.0186	580.56	561.08
18	3.4053	3.1774	3.1774	457.39	309.47
19	2.6625	2.8651	2.8651	83.07	774.68
20	0.0	0.0	0.0	1003.41	330.14
21	2.8841	2.8442	2.8442	342.1	460.34
22	4.1666	3.6783	3.6783	757.9	281.49
23	3.971	3.564	3.564	676.07	464.36
24	3.66715	3.275	3.275	447.49	738.34
25	3.3874	2.9847	2.9847	539.54	426.1
26	3.2446	2.8779	2.8779	359.43	497.46
27	4.4595	3.9905	3.9905	860.07	632.3
28	3.382	2.9395	2.9395	496.51	628.96
29	3.6474	3.1143	3.1143	621.56	446.08
30	4.45315	4.07965	4.07965	922.94	603.64
31	3.1758	2.963	2.963	453.51	390.57
32	2.6373	2.61525	2.61525	202.58	647.99
33	4.250500000000001	3.5889	3.5889	750.18	556.76
34	3.41455	3.1412	3.1412	413.63	887.82
35	4.022	3.3933	3.3933	643.4	447.43
36	2.6522	2.5853	2.5853	257.6	476.91
37	2.7571	2.7412	2.7412	267.18	447.19
38	2.7482	2.6213	2.6213	265.17	446.23
39	3.1182	2.8555	2.8555	448.88	448.79
40	4.2532	3.56905	3.56905	813.68	680.96
41	3.1144	2.9241	2.9241	410.77	703.95
42	3.08645	2.86185	2.86185	380.34	370.0
43	4.2055	3.5734	3.5734	784.55	537.39
44	3.2704	3.0173	3.0173	485.09	477.3
45	3.2503	2.8939	2.8939	420.77	334.92
46	4.01755	3.6378	3.6378	438.49	422.28
47	4.1685	3.7297	3.7297	716.04	680.26
48	3.96815	3.6267	3.6267	695.95	175.75
49	3.4973	3.0131	3.0131	541.2	475.65
50	3.5762	2.9947	2.9947	321.19	254.86
51	3.86685	3.1915	3.1915	602.34	636.84
52	3.4561	3.1012	3.1012	523.07	596.28
53	2.6481	2.6094	2.6094	252.54	572.01
54	2.69445	2.6437	2.6437	155.56	402.38
55	3.6881	3.5667	3.5667	601.98	259.71
56	4.4837	4.0732	4.0732	875.04	572.38
57	3.5544	3.0949	3.0949	551.18	398.74
58	2.735	2.8468	2.8468	932.55	979.31
59	4.5316	4.1334	4.1334	946.98	629.08
60	4.543	4.102	4.102	899.38	838.8
61	4.0117	3.4821	3.4821	812.55	169.38
62	4.23615	3.7593	3.7593	874.58	913.55
63	0.0	0.0	0.0	46.09	248.02
64	3.2939	3.2165	3.2165	399.54	966.24
65	3.1476	2.842	2.842	455.56	598.62
66	4.0368	3.7665	3.7665	660.95	666.49
67	0.0	0.0	0.0	41.05	872.92
68	3.9072	3.351	3.351	601.44	308.12
69	4.3155	3.8825	3.8825	781.95	426.08
70	2.18955	0.0	0.0	215.52	77.1
71	4.2412	3.5306	3.5306	787.6	652.57
72	2.6599000000000004	2.7174	2.7174	228.77	627.56
73	3.6906	3.1345	3.1345	625.6	611.5
74	4.2691	3.58995	3.58995	721.31	289.1
75	2.7307	2.7068	2.7068	265.64	351.52
76	3.2078	2.8922	2.8922	457.06	500.99
77	3.4017	3.0161	3.0161	509.01	501.04
78	3.2478	3.4561	3.4561	396.06	124.32
79	4.0827	3.5166	3.5166	757.7	209.97
80	4.3711	3.7632	3.7632	858.8	616.24
81	1.77645	1.5339	1.5339	58.8	925.03
82	3.13275	3.0142	3.0142	410.17	319.37
83	2.9698	2.7684	2.7684	330.03	622.97
84	2.88285	3.4733	3.4733	99.06	657.47
85	2.8035	3.01925	3.01925	127.7	183.57
86	2.9561	2.7188	2.7188	364.82	465.2
87	4.04785	3.5703	3.5703	686.0	415.01
88	4.386	4.278700000000001	4.278700000000001	854.1	601.06
89	2.9884	3.0857	3.0857	427.64	148.44
90	3.2434	3.26425	3.26425	402.17	180.88
91	3.4459	3.0022	3.0022	540.6	453.43
92	4.109500000000001	3.389	3.389	750.52	586.06
93	4.3671	4.0299	4.0299	829.94	910.54
94	4.038	3.73505	3.73505	698.96	307.7
95	3.3052	3.3549	3.3549	420.65	857.36
96	3.815	3.48	3.48	679.68	172.19
97	2.9744	3.18915	3.18915	131.1	850.64
98	3.56405	3.5111	3.5111	403.44	941.5
99	3.5134	3.16775	3.16775	568.73	337.23
100	0.0	0.0	0.0	490.31	47.04
101	4.4262	4.09005	4.09005	832.91	613.54
102	4.1567	3.67965	3.67965	738.3	695.75
103	4.1035	3.59235	3.59235	786.68	181.1
104	3.47405	3.4886	3.4886	510.04	179.33
105	4.4391	4.00305	4.00305	808.47	976.57
106	4.9314	3.5793	3.5793	674.36	800.91
107	0.0	0.0	0.0	145.74	67.64
108	2.9729	2.6478	2.6478	267.29	479.99
109	3.2657	3.15565	3.15565	472.87	242.84
110	4.2505	3.3528	3.3528	676.43	569.56
111	0.0	0.0	0.0	574.21	78.88
112	3.71405	3.1061	3.1061	489.05	571.67
113	3.4849	3.1729	3.1729	521.11	626.65
114	4.0384	3.5763	3.5763	652.41	157.58
115	4.17565	3.8101	3.8101	646.16	704.3
116	2.8726	2.5565	2.5565	309.35	390.0
117	3.216	2.8745	2.8745	486.55	514.91
118	2.6146	2.8945	2.8945	161.64	542.02
119	4.1597	3.8358	3.8358	689.97	769.98
120	3.1428000000000003	2.8714	2.8714	403.17	363.6
121	3.4428	2.9708	2.9708	492.34	551.56
122	2.9098	2.6211	2.6211	305.64	445.95
123	4.5629	4.1835	4.1835	895.94	614.0
124	3.7267	3.2591	3.2591	581.52	705.47
125	4.3557	3.9041	3.9041	935.5	683.92
126	4.3082	3.6892	3.6892	714.03	630.99
127	4.0729	3.679	3.679	961.52	591.96
128	4.4786	3.91785	3.91785	720.46	486.32
129	4.1426	3.6995	3.6995	723.84	435.22
130	3.2393	3.0304	3.0304	397.45	653.38
131	0.0	0.0	0.0	310.51	44.4
132	0.0	0.0	0.0	992.99	724.03
133	4.7209	3.94385	3.94385	943.31	577.95
134	3.096	2.8093	2.8093	407.15	450.43
135	0.0	0.0	0.0	73.33	119.07
136	2.94445	3.0104	3.0104	105.6	862.38
137	3.5128	3.33245	3.33245	495.4	672.85
138	3.7162	6.69775	6.69775	456.43	301.43
139	0.0	0.0	0.0	18.93	839.16
140	3.1924	2.6481	2.6481	217.43	645.43
141	3.3031	3.0569	3.0569	432.5	809.94
142	2.7246	2.4548	2.4548	796.93	135.77
143	4.698	3.9865	3.9865	913.26	550.13
144	0.0	0.0	0.0	46.61	647.05
145	3.61265	2.9678	2.9678	528.6	630.03
146	4.1108	4.70525	4.70525	671.97	444.9
147	4.00875	3.6432	3.6432	675.02	392.34
148	0.0	0.0	0.0	219.84	53.11
149	3.0242	2.9813	2.9813	185.68	624.47
150	2.83055	2.6987	2.6987	234.86	492.93
151	3.0325	2.9813	2.9813	185.69	624.47
152	3.22525	3.4034	3.4034	177.35	328.18
153	2.9465000000000003	3.0661	3.0661	354.75	684.91
154	3.0435	3.0197	3.0197	303.62	880.92
155	2.5922	2.5401	2.5401	196.67	574.36
156	3.3506	3.0947	3.0947	438.56	825.58
157	2.8589	2.843	2.843	260.54	284.4
158	2.8713	2.9335	2.9335	255.74	670.56
159	3.81985	3.2406	3.2406	644.58	342.92
160	4.3104	3.93	3.93	816.06	895.64
161	3.1058	2.8065	2.8065	260.46	284.93
162	0.0	0.0	0.0	53.34	821.88
163	4.2655	3.69	3.69	716.73	744.92
164	4.37835	3.7284	3.7284	755.3	324.9
165	3.3534	2.9057	2.9057	429.37	702.51
166	4.441	3.8859	3.8859	790.06	593.28
167	3.3614	3.5331	3.5331	457.35	253.02
168	4.6671	4.4921	4.4921	671.06	469.98
169	0.0	0.0	0.0	41.04	719.92
170	3.4982	3.3959	3.3959	538.01	238.08
171	4.3888	4.0963	4.0963	773.49	918.44
172	3.4309	2.8025	2.8025	445.58	649.97
173	3.55745	3.2201	3.2201	412.46	771.92
174	4.630850000000001	4.4819	4.4819	822.48	625.9
175	3.0554	2.4708	2.4708	214.22	88.87
176	2.7318	2.4602500000000003	2.4602500000000003	215.22	552.13
177	0.0	0.0	0.0	980.52	892.95
178	3.7377	3.3884	3.3884	586.04	359.97
179	3.1055	2.7847	2.7847	351.69	972.48
180	2.8757	2.80595	2.80595	220.25	717.1
181	3.6896	3.5058	3.5058	432.09	891.21
182	3.52315	3.2958	3.2958	540.74	565.92
183	0.0	0.0	0.0	961.56	32.59
184	3.2694	2.92105	2.92105	298.9	733.76
185	4.0617	3.7251	3.7251	678.49	191.4
186	2.75535	2.5976	2.5976	275.53	615.56
187	4.1574	3.8691	3.8691	707.05	889.71
188	0.0	0.0	0.0	356.97	49.4
189	3.60275	3.139	3.139	485.05	730.66
190	3.6588	3.8579	3.8579	594.16	366.52
191	0.0	0.0	0.0	366.23	999.16
192	0.0	0.0	0.0	924.34	66.04
193	3.913	3.6343	3.6343	651.05	720.65
194	2.8789	3.1234	3.1234	392.59	493.04
195	2.6839	4.2738	4.2738	231.57	634.32
196	3.5537	3.1542	3.1542	532.32	526.0
197	3.233	2.6915	2.6915	112.35	323.98
198	3.74	3.5318	3.5318	595.9	749.63
199	3.2271	2.8518	2.8518	457.11	404.35
200	0.0	0.0	0.0	868.27	102.03
201	4.5744	4.5101	4.5101	880.97	565.92
202	3.3654	2.83195	2.83195	100.44	737.07
203	3.6322	3.2135	3.2135	582.02	446.32
204	3.1108	2.85585	2.85585	100.25	737.01
205	2.2857	0.0	0.0	804.95	117.51
206	0.0	0.0	0.0	234.49	23.63
207	2.28325	0.0	0.0	804.94	117.4
208	0.0	0.0	0.0	161.09	60.05
209	4.125299999999999	3.7836	3.7836	704.39	736.1
210	3.0484	3.0599	3.0599	224.27	945.04
211	3.2569	2.986	2.986	478.5	590.32
212	4.07545	3.6683	3.6683	703.02	270.51
213	3.58365	3.2102	3.2102	519.63	715.44
214	0.0	0.0	0.0	987.27	831.79
215	4.395	3.7524	3.7524	879.53	431.42
216	4.3882	3.797	3.797	817.17	269.75
217	4.4723	4.2613	4.2613	849.59	852.49
218	0.0	0.0	0.0	79.12	377.45
219	4.0534	3.6463	3.6463	686.97	850.7
220	3.5334	3.345	3.345	517.32	230.1
221	3.297	3.3589	3.3589	273.48	457.43
222	3.9849	3.6737	3.6737	664.92	237.74
223	3.6118	3.4628	3.4628	583.76	470.07
224	3.0572	2.8811	2.8811	427.02	431.32
225	4.3893	4.5957	4.5957	771.41	330.33
226	4.6292	4.2566	4.2566	897.94	360.64
227	2.8335	2.8091	2.8091	322.74	690.93
228	4.0789	3.5449	3.5449	667.96	344.72
229	3.5145	2.6708	2.6708	277.44	101.12
230	3.8951	3.346	3.346	579.43	239.42
231	0.0	0.0	0.0	661.55	104.71
232	3.0919	3.3679	3.3679	334.65	902.34
233	0.0	0.0	0.0	825.47	105.64
234	3.0969	3.3532	3.3532	334.67	902.32
235	4.5573	3.7586	3.7586	874.33	490.05
236	2.8746	2.8747	2.8747	344.74	611.36
237	4.3243	3.9557	3.9557	769.82	832.12
238	3.31705	3.167	3.167	444.35	301.05
239	3.49615	3.2177	3.2177	354.43	605.49
240	3.24755	3.2772	3.2772	359.49	487.97
241	3.9485	3.4625000000000004	3.4625000000000004	556.97	271.59
242	3.3564	3.18075	3.18075	507.73	233.08
243	3.3588	2.8863	2.8863	467.06	488.7
244	3.1354	2.9195	2.9195	463.73	428.19
245	4.3231	3.7759	3.7759	730.32	741.83
246	4.5896	4.1065000000000005	4.1065000000000005	729.97	663.25
247	2.7606	2.9145	2.9145	324.82	509.08
248	4.1098	3.866	3.866	684.89	671.27
249	3.0026	3.0002	3.0002	284.06	806.48
250	2.84055	2.9933	2.9933	341.69	728.54
251	3.0025	3.0492	3.0492	359.58	715.7
252	2.9994	3.0142	3.0142	359.57	716.3
253	4.6725	3.8719	3.8719	941.67	514.98
254	3.0563	3.3	3.3	359.67	716.11
255	4.6731	3.90035	3.90035	807.32	632.47
256	3.39815	2.9499500000000003	2.9499500000000003	233.37	93.1
257	4.4318	3.7964	3.7964	820.02	511.9
258	3.0784	3.0355	3.0355	246.53	847.49
259	2.818	2.9381	2.9381	276.68	734.46
260	4.4003	4.0585	4.0585	837.82	847.28
261	3.61275	2.7837	2.7837	165.59	837.3
262	3.618	3.1495	3.1495	606.07	468.01
263	3.51755	2.8317	2.8317	239.49	785.47
264	4.2028	3.9443	3.9443	989.95	296.07
265	3.6011	4.242	4.242	429.22	544.84
266	3.6786	3.65445	3.65445	388.21	935.22
267	3.35515	2.999	2.999	481.02	712.64
268	3.679	2.8214	2.8214	306.33	735.59
269	3.1957	3.5237	3.5237	363.94	185.18
270	4.25745	3.8341	3.8341	761.97	724.98
271	3.3124	2.7686	2.7686	306.72	735.79
272	0.0	0.0	0.0	70.17	480.44
273	3.20315	3.1943	3.1943	334.74	940.86
274	3.20265	3.1901	3.1901	334.75	940.8
275	0.0	0.0	0.0	347.42	34.01
276	3.3775	3.7157	3.7157	431.89	133.42
277	2.9528	3.2838	3.2838	316.13	742.67
278	0.0	0.0	0.0	22.02	177.65
279	3.1798	2.67865	2.67865	438.54	545.53
280	3.591	5.8122	5.8122	399.03	186.95
281	2.89	2.5137	2.5137	203.93	408.89
282	4.3801	3.6239	3.6239	885.53	645.09
283	3.7698	3.05765	3.05765	112.49	812.48
284	4.5886	4.2896	4.2896	942.94	343.5
285	5.3416	3.9481	3.9481	685.09	468.72
286	4.6456	4.3983	4.3983	895.96	850.93
287	3.9089	3.9223	3.9223	911.1	154.25
288	3.52665	3.2794	3.2794	621.5	138.38
289	0.0	0.0	0.0	572.04	94.08
290	2.7671	2.8615	2.8615	224.06	598.51
291	4.4413	3.9517	3.9517	860.28	827.13
292	3.5758	3.1412	3.1412	530.23	719.84
293	0.0	0.0	0.0	995.04	17.77
294	2.8474	2.67	2.67	297.06	393.03
295	0.0	0.0	0.0	18.18	480.73
296	3.9889	3.52405	3.52405	170.78	222.29
297	4.3916	3.9067	3.9067	855.62	564.46
298	3.57085	3.915	3.915	533.92	539.44
299	3.591	6.23855	6.23855	399.03	187.45
300	4.4435	3.88	3.88	806.96	648.99
301	3.5288	3.1997	3.1997	414.48	663.35
302	0.0	0.0	0.0	34.84	397.54
303	3.3635	2.9562	2.9562	471.92	677.61
304	4.5769	3.1655	3.1655	595.27	441.0
305	4.1985	3.953	3.953	813.57	988.34
306	3.3961	3.41585	3.41585	531.06	320.68
307	3.8912	2.9133	2.9133	392.95	736.79
308	4.1742	3.2708500000000003	3.2708500000000003	700.58	620.49
309	0.0	0.0	0.0	887.28	40.04
310	2.8906	3.1803	3.1803	208.59	938.86
311	4.1862	3.57565	3.57565	246.37	626.44
312	3.8268	3.0817	3.0817	946.58	816.59
313	4.586	4.1136	4.1136	915.0	189.68
314	0.0	0.0	0.0	35.3	397.8
315	2.0259	0.0	0.0	870.97	127.64
316	3.49295	3.6297	3.6297	570.06	212.57
317	4.8316	4.8342	4.8342	761.98	672.97
318	4.1074	3.6429	3.6429	748.59	239.64
319	2.8126	3.046	3.046	277.81	843.95
320	4.1624	3.6634	3.6634	742.33	762.98
321	3.02	3.3761	3.3761	303.24	864.23
322	3.95225	4.1593	4.1593	534.75	848.95
323	3.1836	2.7492	2.7492	248.04	487.95
324	4.57595	4.0899	4.0899	939.98	711.01
325	3.233	3.16355	3.16355	340.23	229.8
326	4.676	3.93295	3.93295	778.98	356.31
327	4.2364	3.0928	3.0928	205.36	846.85
328	0.0	0.0	0.0	15.51	202.43
329	4.436450000000001	3.8788	3.8788	844.99	521.37
330	3.3087	2.9093	2.9093	422.24	709.14
331	4.6583	3.9567	3.9567	881.96	291.66
332	3.1052	2.8683	2.8683	399.27	253.92
333	4.36815	3.7359	3.7359	650.01	384.35
334	0.0	0.0	0.0	930.96	127.35
335	0.0	0.0	0.0	60.08	540.49
336	0.0	0.0	0.0	772.03	40.37
337	0.0	0.0	0.0	41.91	488.77
338	3.72605	3.4016	3.4016	661.17	149.19
339	3.19825	2.7657	2.7657	158.35	244.11
340	2.9605	2.5947	2.5947	88.2	576.42
341	0.0	0.0	0.0	42.11	488.75
342	2.6295	1.9371	1.9371	900.23	139.14
343	0.0	0.0	0.0	42.17	488.76
344	2.9201	3.26335	3.26335	244.54	748.34
345	4.862550000000001	4.0509	4.0509	931.57	253.19
346	2.9825	3.9581	3.9581	927.0	959.92
347	3.2507	2.5195	2.5195	415.77	542.05
348	3.0741	2.67645	2.67645	367.33	704.96
349	4.3927	3.3589	3.3589	665.07	626.05
350	2.4941	1.9633	1.9633	900.1	139.24
351	3.297	2.8399	2.8399	331.48	301.62
352	3.8584	3.47225	3.47225	587.97	315.55
353	3.7216	2.6629	2.6629	394.56	612.51
354	0.0	0.0	0.0	42.09	488.96
355	3.7815	4.0368	4.0368	585.6	829.6
356	3.82405	3.3478	3.3478	643.23	566.12
357	4.03845	4.323	4.323	621.5	695.94
358	2.9238	2.9182	2.9182	246.63	885.92
359	4.63265	4.7601	4.7601	878.81	829.13
360	3.4679	3.4436	3.4436	214.97	135.72
361	0.0	0.0	0.0	961.48	901.87
362	3.4999	3.24245	3.24245	350.48	794.53
363	3.32	2.7243	2.7243	155.61	254.6
364	3.0724	2.7997	2.7997	133.35	388.98
365	2.7052	2.87155	2.87155	315.74	379.57
366	4.002	4.1264	4.1264	696.59	335.67
367	4.13575	3.8233	3.8233	642.82	944.8
368	3.7665	3.5977	3.5977	616.53	857.43
369	3.9873	4.2489	4.2489	607.44	323.1
370	0.0	0.0	0.0	593.96	66.67
371	3.112	3.3338	3.3338	213.46	893.87
372	3.1716	2.7278	2.7278	273.33	777.91
373	4.9003	4.00615	4.00615	924.39	300.86
374	4.68435	3.8162	3.8162	966.36	521.15
375	3.0919	2.49525	2.49525	377.05	598.97
376	3.8183	3.4362	3.4362	568.51	924.08
377	3.1802	2.9404	2.9404	156.24	867.28
378	4.6377	2.52925	2.52925	874.17	147.22
379	2.7521	2.538	2.538	365.74	453.02
380	3.8172	3.4726	3.4726	568.38	924.04
381	0.0	0.0	0.0	33.18	526.13
382	4.1986	3.9754	3.9754	740.55	911.25
383	4.29905	3.8672	3.8672	769.47	562.82
384	4.2588	4.2771	4.2771	328.6	519.94
385	3.9349	3.70595	3.70595	593.03	472.03
386	4.3228	3.7306	3.7306	873.35	260.23
387	2.9403	3.0806	3.0806	356.04	332.35
388	4.516299999999999	6.2072	6.2072	929.61	796.04
389	0.0	0.0	0.0	93.33	79.7
390	4.10615	3.2727	3.2727	739.53	412.88
391	2.9816	3.6308	3.6308	312.83	937.04
392	3.02975	3.7098	3.7098	385.94	649.65
393	2.922	3.0313	3.0313	316.05	328.07
394	4.5005	6.5471	6.5471	929.59	796.52
395	4.28825	3.8514	3.8514	789.1	299.69
396	4.3528	3.88585	3.88585	677.53	379.18
397	2.9644	4.1829	4.1829	455.88	104.18
398	3.3394	2.7712	2.7712	335.65	521.52
399	4.3039	5.1998	5.1998	794.09	600.33
400	2.7544	3.201	3.201	227.75	377.58
401	0.0	0.0	0.0	957.29	133.05
402	3.3523	3.2995	3.2995	473.09	832.43
403	3.0814	2.7003	2.7003	301.53	336.47
404	3.0273	3.6354	3.6354	313.43	937.38
405	0.0	0.0	0.0	38.07	559.52
406	3.05105	3.6879	3.6879	313.47	937.49
407	3.2365	2.7067	2.7067	482.61	693.62
408	0.0	0.0	0.0	877.4	73.55
409	4.00135	3.3081	3.3081	666.28	518.88
410	3.38405	3.2014	3.2014	105.55	732.96
411	4.356	3.9097	3.9097	677.54	379.4
412	3.2383	3.0362	3.0362	105.34	733.24
413	0.0	0.0	0.0	797.5	90.61
414	4.00685	3.523	3.523	697.05	219.73
415	0.0	0.0	0.0	93.96	79.64
416	2.9305	3.4899	3.4899	207.95	858.33
417	0.0	0.0	0.0	839.07	103.62
418	5.2394	3.99205	3.99205	819.18	939.56
419	0.0	0.0	0.0	47.19	36.48
420	6.124	5.3245	5.3245	477.05	730.27
421	3.6363	3.6751	3.6751	459.96	170.57
422	5.408	4.01585	4.01585	819.41	939.46
423	3.4286	4.63765	4.63765	198.12	521.68
424	0.0	0.0	0.0	690.19	56.92
425	4.74145	7.25145	7.25145	929.97	790.47
426	0.0	0.0	0.0	55.25	15.46
427	4.7484	7.24465	7.24465	929.97	790.48
428	4.33955	4.089449999999999	4.089449999999999	833.37	799.82
429	0.0	0.0	0.0	85.49	201.89
430	3.66795	3.5048	3.5048	573.94	189.55
431	0.0	0.0	0.0	47.59	36.52
432	6.1344	5.265	5.265	477.04	730.09
433	0.0	0.0	0.0	547.73	23.06
434	6.2042	5.3704	5.3704	476.97	730.38
435	0.0	0.0	0.0	55.55	15.61
436	4.4598	3.8399	3.8399	855.97	276.65
437	3.9279	4.1225	4.1225	571.98	897.49
438	3.7378	2.9938	2.9938	494.56	718.47
439	4.3039	4.121700000000001	4.121700000000001	831.99	182.93
440	4.55395	4.6201	4.6201	754.36	378.91
441	4.03435	3.7971	3.7971	621.21	950.14
442	5.2556	3.5859	3.5859	362.95	562.06
443	4.3602	3.5184	3.5184	605.0	737.63
444	2.4487	2.5268	2.5268	755.03	122.06
445	5.2321	3.6083	3.6083	363.06	561.95
446	4.2006	4.0221	4.0221	694.56	961.3
447	0.0	0.0	0.0	715.38	67.55
448	0.0	0.0	0.0	365.58	43.67
449	2.7128	3.0406	3.0406	232.63	722.4
450	3.3166	3.0281	3.0281	476.89	430.32
451	4.5677	3.74975	3.74975	887.6	235.55
452	5.39895	3.9691	3.9691	951.12	231.26
453	3.1221	3.1058	3.1058	392.56	629.44
454	3.7626	3.5787	3.5787	328.08	599.65
455	3.0112	2.7722	2.7722	310.78	309.23
456	3.8494	3.2452	3.2452	349.43	922.6
457	5.1204	3.1979	3.1979	498.23	872.91
458	0.0	0.0	0.0	64.55	151.11
459	5.291399999999999	3.6077	3.6077	362.82	561.92
460	4.24605	3.313	3.313	498.71	872.87
461	4.1319	4.0093	4.0093	757.07	491.1
462	4.4173	4.9433	4.9433	847.99	252.63
463	4.7926	4.2468	4.2468	936.11	199.26
464	4.2341	5.126	5.126	926.12	899.77
465	4.29575	3.6256	3.6256	792.03	267.37
466	4.2585	5.9839	5.9839	725.0	491.68
467	3.2208	3.8851	3.8851	478.09	538.31
468	3.225	2.4838	2.4838	171.32	702.96
469	0.0	0.0	0.0	205.37	981.96
470	4.4227	3.9085	3.9085	791.33	746.98
471	0.0	0.0	0.0	967.02	854.21
472	3.5925	2.8936	2.8936	372.32	201.06
473	0.0	0.0	0.0	42.64	458.02
474	4.2861	2.91685	2.91685	241.49	345.6
475	4.1525	3.6173	3.6173	645.01	927.67
476	4.41715	5.049799999999999	5.049799999999999	847.99	253.06
477	2.9887	2.70685	2.70685	187.42	670.51
478	4.0399	3.2697	3.2697	564.32	554.89
479	3.3846	4.601100000000001	4.601100000000001	417.09	555.54
480	4.4661	4.09385	4.09385	910.11	686.76
481	3.74165	3.6385	3.6385	547.04	619.99
482	3.7654	3.5208500000000003	3.5208500000000003	583.72	886.95
483	0.0	0.0	0.0	551.25	61.89
484	4.3788	4.15075	4.15075	806.48	910.92
485	3.8357	3.4914	3.4914	645.95	225.33
486	2.8554	2.7856	2.7856	175.81	843.96
487	4.4386	3.193	3.193	111.27	924.85
488	0.0	0.0	0.0	106.15	130.93
489	3.1257	2.7948	2.7948	430.48	674.95
490	4.23615	3.3434	3.3434	835.57	170.46
491	4.1258	4.0838	4.0838	687.0	393.93
492	0.0	0.0	0.0	358.08	40.08
493	3.17415	4.15055	4.15055	417.09	555.27
494	4.5876	3.1641	3.1641	111.53	924.93
495	4.4288	3.9886	3.9886	708.7	437.1
496	4.38985	3.9681	3.9681	871.0	181.05
497	3.1941	3.1326	3.1326	273.03	811.94
498	4.5297	3.7602	3.7602	682.17	375.28
499	2.8425	2.8548	2.8548	275.12	933.18
500	3.277	2.6422	2.6422	505.55	333.12
501	4.2697	4.0649	4.0649	694.76	726.96
502	0.0	0.0	0.0	1010.35	640.96
503	4.8777	4.7173	4.7173	869.51	700.69
504	3.3388	7.7267	7.7267	261.13	277.5
505	3.8705	3.3643	3.3643	719.2	183.26
506	3.1657	4.228	4.228	417.08	555.07
507	3.7216	3.3113	3.3113	367.07	969.16
508	3.7669	3.3845	3.3845	597.99	901.48
509	5.0456	4.694	4.694	761.69	368.65
510	3.9201	3.5817	3.5817	222.09	221.4
511	4.4716	4.061	4.061	816.89	604.47
512	3.37635	3.4106	3.4106	414.56	183.63
513	3.71445	3.2669	3.2669	366.97	969.07
514	3.59315	4.104	4.104	545.93	789.69
515	0.0	0.0	0.0	301.44	40.13
516	3.7168	3.2469	3.2469	367.03	968.95
517	4.04255	4.998	4.998	719.95	600.45
518	3.5831	4.1624	4.1624	545.86	789.81
519	3.15725	2.4017	2.4017	433.28	514.03
520	3.5278	4.537649999999999	4.537649999999999	440.04	221.02
521	0.0	0.0	0.0	667.31	43.05
522	5.2851	3.6862	3.6862	760.74	525.93
523	0.0	0.0	0.0	981.54	843.64
524	6.1098	4.0344	4.0344	649.9	750.19
525	0.0	0.0	0.0	965.95	131.02
526	3.40675	2.6676	2.6676	145.56	165.1
527	3.5881	4.9767	4.9767	481.32	821.92
528	3.1248500000000003	2.9819	2.9819	370.01	281.3
529	4.6259	4.004899999999999	4.004899999999999	898.3	586.07
530	0.0	0.0	0.0	265.37	70.06
531	6.2232	3.9221	3.9221	649.71	749.98
532	4.9648	3.3546	3.3546	591.43	598.98
533	2.9723	2.4731	2.4731	236.59	286.64
534	6.3126	3.922	3.922	649.59	749.98
535	2.5074	3.7734	3.7734	565.87	105.51
536	0.0	0.0	0.0	935.96	43.08
537	3.5622	3.5569	3.5569	590.56	981.35
538	5.0839	2.9215	2.9215	118.37	814.83
539	5.3337	5.3108	5.3108	199.61	163.6
540	3.349	3.212	3.212	233.06	476.94
541	3.6583	3.1999	3.1999	521.99	394.05
542	0.0	0.0	0.0	921.98	133.97
543	3.054	3.3484	3.3484	270.11	767.64
544	0.0	0.0	0.0	706.53	93.59
545	3.9458	3.4824	3.4824	622.54	847.47
546	5.502	4.5777	4.5777	199.3	163.82
547	3.8751	2.66665	2.66665	450.08	420.01
548	4.4903	3.9689	3.9689	818.27	739.05
549	3.5811	5.1102	5.1102	481.29	822.14
550	2.8228	4.3336	4.3336	302.47	469.59
551	3.5168	5.2285	5.2285	481.12	822.27
552	4.5088	4.7117	4.7117	616.43	933.09
553	0.0	0.0	0.0	59.01	264.53
554	3.5113	5.3543	5.3543	481.1	822.4
555	2.825	3.4076	3.4076	297.54	319.58
556	5.11595	3.4276	3.4276	761.44	368.44
557	0.0	0.0	0.0	964.72	913.84
558	3.12645	2.6059	2.6059	507.59	426.15
559	2.9249	2.9068	2.9068	341.08	291.04
560	2.7465	3.44205	3.44205	302.44	469.48
561	0.0	0.0	0.0	285.71	12.63
562	4.5457	4.1932	4.1932	885.96	740.9
563	3.2863	3.1218	3.1218	189.47	698.96
564	0.0	0.0	0.0	52.09	797.17
565	5.0194	3.857	3.857	613.72	688.01
566	0.0	0.0	0.0	52.09	797.17
567	4.1641	4.7965	4.7965	733.96	546.49
568	0.0	0.0	0.0	990.94	98.13
569	3.81215	3.2465	3.2465	669.2	653.24
570	2.98	2.38005	2.38005	227.05	455.03
571	2.43605	0.0	0.0	399.1	984.39
572	4.17245	4.4828	4.4828	733.9	546.57
573	4.7938	4.1088000000000005	4.1088000000000005	759.54	333.43
574	4.30575	3.8902	3.8902	776.68	695.0
575	3.6171	2.6246	2.6246	656.31	462.0
576	5.7998	4.3004	4.3004	506.57	824.31
577	2.7092	2.3796	2.3796	226.74	455.04
578	2.4449	2.7084	2.7084	304.81	474.54
579	2.5146	2.162	2.162	188.71	539.55
580	2.8652	2.9476	2.9476	424.56	574.48
581	4.5072	4.1091	4.1091	848.74	416.14
582	3.834	3.4554	3.4554	690.96	280.1
583	4.6376	3.7237	3.7237	783.06	597.05
584	2.8441	2.9211	2.9211	219.09	517.44
585	2.67705	2.5867	2.5867	198.28	715.14
586	4.1767	6.38425	6.38425	702.44	348.46
587	5.7718	4.2095	4.2095	506.67	824.08
588	0.0	0.0	0.0	40.19	612.42
589	2.9983	2.8708	2.8708	91.27	763.28
590	2.68335	3.0201	3.0201	319.73	957.93
591	2.4664	0.0	0.0	559.98	99.06
592	2.8307	3.143	3.143	237.64	658.01
593	3.0773	2.9876	2.9876	260.47	219.95
594	0.0	0.0	0.0	273.89	1009.99
595	0.0	0.0	0.0	971.66	731.98
596	3.5916	4.3632	4.3632	508.05	764.65
597	4.9057	4.15895	4.15895	909.5	797.33
598	3.95675	4.1114	4.1114	641.66	215.07
599	3.6011	2.9841	2.9841	471.82	616.69
600	3.3608	2.5604	2.5604	220.72	587.95
601	4.44555	3.906	3.906	960.61	316.52
602	4.2466	2.7868	2.7868	158.36	782.87
603	4.6203	2.3784	2.3784	111.79	584.93
604	4.291	3.74965	3.74965	750.26	542.05
605	2.7233	2.6198	2.6198	304.94	474.79
606	3.8362	3.3693	3.3693	589.55	399.56
607	0.0	0.0	0.0	948.31	935.98
608	2.98375	3.3008	3.3008	609.07	135.61
609	4.7575	3.6611	3.6611	682.9	241.94
610	0.0	0.0	0.0	921.9	20.49
611	3.0128	3.2425	3.2425	137.5	420.13
612	2.92265	2.4235	2.4235	185.12	764.53
613	0.0	0.0	0.0	48.56	521.09
614	0.0	0.0	0.0	372.92	69.46
615	4.9139	2.6439	2.6439	350.29	546.81
616	4.24735	5.276	5.276	463.66	778.99
617	3.27495	3.69725	3.69725	233.87	969.27
618	0.0	0.0	0.0	516.7	57.11
619	3.8778	3.5998	3.5998	695.99	557.08
620	3.5549	3.0112	3.0112	568.0	230.34
621	3.7158	3.9466	3.9466	572.54	329.06
622	3.3177	3.74505	3.74505	233.92	969.22
623	4.8486	2.5732	2.5732	350.22	546.63
624	3.0304	2.6358	2.6358	230.28	391.96
625	4.58175	2.7667	2.7667	350.68	546.6
626	2.9887	2.5918	2.5918	214.57	790.44
627	4.486700000000001	3.2139	3.2139	713.27	531.72
628	4.5885	8.6045	8.6045	704.8	883.26
629	3.38535	3.1597	3.1597	488.92	661.4
630	3.8649	3.5645	3.5645	342.49	864.0
631	4.5524	8.6045	8.6045	704.7	883.26
632	0.0	0.0	0.0	896.6	109.48
633	0.0	0.0	0.0	26.05	327.76
634	2.6572	2.85015	2.85015	206.66	465.01
635	4.7344	4.42625	4.42625	839.46	558.9
636	2.73975	3.0891	3.0891	341.61	442.47
637	5.1216	2.29265	2.29265	158.68	637.49
638	4.1208	3.9233	3.9233	636.06	294.99
639	4.9682	4.3421	4.3421	589.72	126.94
640	3.5269	4.0456	4.0456	317.39	843.21
641	4.4352	4.04995	4.04995	770.66	286.9
642	3.53675	3.9754	3.9754	317.41	843.1
643	3.5164	3.2169	3.2169	202.82	469.18
644	3.41	4.11605	4.11605	932.67	914.47
645	3.60405	2.4802	2.4802	191.79	357.96
646	2.7578	2.52455	2.52455	486.01	115.76
647	2.8856	4.1533	4.1533	932.4	914.47
648	4.8909	3.8801	3.8801	747.73	639.93
649	3.2963	2.6212	2.6212	495.61	348.46
650	3.1731	3.1848	3.1848	113.66	754.94
651	4.3223	3.6897	3.6897	134.24	904.37
652	4.4212	4.2085	4.2085	894.95	869.43
653	2.3699	4.9681	4.9681	776.64	125.03
654	5.2779	3.975	3.975	804.92	470.66
655	0.0	0.0	0.0	17.05	701.69
656	2.7473	6.0163	6.0163	161.09	552.4
657	4.3523	4.1524	4.1524	829.55	489.89
658	0.0	0.0	0.0	17.05	701.69
659	3.6811	3.1272	3.1272	178.09	966.51
660	0.0	0.0	0.0	973.0	884.26
661	3.4651	4.5996500000000005	4.5996500000000005	315.18	751.35
662	0.0	0.0	0.0	741.02	83.7
663	3.44975	4.63465	4.63465	315.1	751.51
664	4.5731	4.9043	4.9043	249.53	304.56
665	4.2247	3.8287	3.8287	786.15	347.42
666	3.7763	4.3228	4.3228	314.93	751.79
667	4.652	4.6265	4.6265	866.67	766.95
668	3.3753	2.4855	2.4855	154.24	749.36
669	4.7474	4.1257	4.1257	866.5	766.82
670	3.5119	3.0906	3.0906	639.52	631.51
671	0.0	0.0	0.0	470.92	1008.4
672	4.3193	7.302350000000001	7.302350000000001	872.2	905.13
673	3.324	4.6115	4.6115	139.61	176.56
674	0.0	0.0	0.0	21.12	497.58
675	3.3288	4.1717	4.1717	463.45	536.4
676	2.6761	2.8259	2.8259	292.09	875.96
677	4.6577	3.81115	3.81115	522.99	361.98
678	3.1344000000000003	3.4006	3.4006	194.98	726.75
679	4.3798	7.3092	7.3092	872.32	905.12
680	3.1514	2.74705	2.74705	182.61	141.49
681	3.2064	2.47595	2.47595	433.3	488.1
682	2.69065	2.8383	2.8383	553.76	131.07
683	4.9099	5.3594	5.3594	731.8	632.75
684	3.5812	3.3408	3.3408	271.07	415.96
685	4.0383	3.69655	3.69655	756.56	511.06
686	3.0406	2.8749	2.8749	134.06	797.94
687	4.8402	3.2189	3.2189	264.88	404.38
688	3.0406	2.8749	2.8749	134.06	797.94
689	4.2463	3.53025	3.53025	134.15	903.91
690	0.0	2.2761	2.2761	94.27	410.63
691	5.0407	3.6386	3.6386	829.33	442.68
692	3.4944	4.1744	4.1744	540.95	755.36
693	4.53475	3.6476	3.6476	601.49	778.95
694	4.01	3.1748	3.1748	539.04	674.5
695	4.8111	3.7854	3.7854	829.6	442.44
696	3.6743	4.787	4.787	501.45	830.48
697	3.6952	3.1533	3.1533	415.55	133.02
698	4.3406	3.5663	3.5663	876.48	673.5
699	2.8585	2.8715	2.8715	175.55	787.49
700	0.0	0.0	0.0	382.27	1010.02
701	2.9672	2.7689	2.7689	383.72	702.94
702	4.35025	3.6802	3.6802	930.23	839.99
703	2.965	2.9354	2.9354	379.46	636.52
704	0.0	2.534	2.534	94.67	410.47
705	4.0154	3.6124	3.6124	732.5	938.42
706	3.1234	2.64875	2.64875	184.07	821.48
707	3.3723	3.2074	3.2074	551.0	232.09
708	5.2236	4.0925	4.0925	718.4	508.08
709	3.0012	2.7677	2.7677	275.1	828.5
710	4.0365	3.3489	3.3489	728.06	381.01
711	0.0	0.0	0.0	786.17	25.52
712	6.1662	3.8493	3.8493	592.58	428.66
713	0.0	0.0	0.0	999.95	922.47
714	4.0581	5.51315	5.51315	549.34	921.81
715	0.0	0.0	0.0	993.01	1001.64
716	6.1842	3.9329	3.9329	592.53	428.78
717	3.4809	4.6338	4.6338	540.52	509.95
718	4.531	3.72475	3.72475	879.97	184.96
719	5.4695	3.2676	3.2676	450.75	549.6
720	3.21325	2.28	2.28	386.53	395.12
721	2.94775	3.67365	3.67365	229.58	323.0
722	4.2571	2.8744	2.8744	295.28	529.14
723	6.5884	3.3931	3.3931	113.05	848.36
724	3.2687	2.827	2.827	185.21	207.26
725	4.248	2.8744	2.8744	295.27	529.14
726	3.0606	3.1411	3.1411	338.46	757.56
727	3.8735	4.12385	4.12385	627.35	759.88
728	4.6296	3.7535	3.7535	863.97	511.64
729	0.0	0.0	0.0	67.17	696.23
730	5.1403	3.241	3.241	592.28	428.75
731	0.0	0.0	0.0	1003.39	720.45
732	4.47285	3.5072	3.5072	796.45	555.32
733	3.9735	4.2955	4.2955	233.96	604.51
734	4.0077	3.0406	3.0406	358.33	847.96
735	3.96585	2.9903	2.9903	450.49	549.5
736	4.5023	3.8283	3.8283	787.01	486.98
737	3.4437	3.6056	3.6056	519.0	404.98
738	0.0	0.0	0.0	72.58	59.06
739	0.0	0.0	0.0	282.03	60.61
740	5.1738	3.23025	3.23025	592.16	428.66
741	4.608	3.3168	3.3168	429.47	617.98
742	4.3964	3.5076	3.5076	639.59	391.15
743	4.2871	3.4057	3.4057	796.27	555.09
744	4.0392	4.2253	4.2253	596.57	872.58
745	0.0	0.0	0.0	700.03	19.02
746	4.043150000000001	3.5423	3.5423	740.75	381.12
747	3.0866	3.2426	3.2426	142.45	781.95
748	2.8095	2.50795	2.50795	396.08	267.07
749	2.97465	3.2157	3.2157	258.69	434.47
750	6.5972	3.4091500000000003	3.4091500000000003	113.0	848.42
751	4.2875	4.2038	4.2038	797.94	817.23
752	4.12195	4.2825	4.2825	596.78	872.79
753	4.6712	4.77625	4.77625	550.81	897.22
754	4.4002	3.7493	3.7493	867.32	424.06
755	4.5258	3.8191	3.8191	539.05	842.67
756	0.0	0.0	0.0	942.04	82.37
757	0.0	0.0	0.0	24.47	22.57
758	0.0	0.0	0.0	942.04	82.37
759	3.8589	4.644550000000001	4.644550000000001	549.22	921.02
760	2.98975	3.7492	3.7492	142.81	781.95
761	4.4895	3.8303	3.8303	538.97	842.78
762	2.3809	2.4245	2.4245	872.01	135.97
763	3.4314	3.7225	3.7225	587.92	718.8
764	4.5143	3.55355	3.55355	870.98	592.04
765	4.786	4.9892	4.9892	550.98	897.45
766	3.3932	3.1397	3.1397	582.31	692.0
767	4.5964	4.2671	4.2671	924.73	522.85
768	4.22125	2.8484	2.8484	541.07	528.5
769	3.5803	4.5554	4.5554	215.43	194.87
770	3.2591	2.1392	2.1392	79.44	612.85
771	0.0	0.0	0.0	362.34	20.03
772	0.0	0.0	0.0	94.84	305.23
773	4.6828	4.0518	4.0518	897.26	541.11
774	3.93775	2.9473	2.9473	490.99	612.25
775	3.42775	3.7453	3.7453	573.13	788.27
776	3.5566	2.9715	2.9715	482.16	679.72
777	5.7374	3.0875	3.0875	199.97	506.51
778	0.0	0.0	0.0	43.12	823.23
779	3.5839	3.7537	3.7537	643.33	202.87
780	0.0	0.0	0.0	183.08	994.91
781	3.4775	3.0529	3.0529	207.22	899.14
782	3.3248	2.6939	2.6939	308.06	233.36
783	0.0	0.0	0.0	16.09	856.35
784	0.0	0.0	0.0	992.09	76.27
785	0.0	0.0	0.0	146.64	79.1
786	3.1602	2.8569500000000003	2.8569500000000003	217.09	924.64
787	3.51405	3.7796	3.7796	643.09	202.99
788	3.5029	2.53295	2.53295	99.63	469.64
789	4.3333	4.38255	4.38255	765.65	372.99
790	5.2395	3.7638	3.7638	596.5	768.35
791	3.2875	2.6822	2.6822	512.45	700.46
792	4.2025	3.842	3.842	760.95	824.54
793	2.8535	2.7448	2.7448	381.07	130.36
794	3.3524000000000003	4.3645	4.3645	497.01	854.61
795	3.0899	1.96635	1.96635	746.02	124.73
796	3.9058	4.9128	4.9128	633.86	971.75
797	4.5532	3.9068	3.9068	905.51	342.21
798	3.0149	2.6584	2.6584	349.08	176.54
799	0.0	0.0	0.0	998.01	898.63
800	6.8533	4.5911	4.5911	715.45	584.13
801	3.34535	3.40835	3.40835	345.63	257.2
802	2.9273	3.1644	3.1644	439.5	692.51
803	3.8563	3.0841	3.0841	682.54	683.03
804	2.8312	4.907299999999999	4.907299999999999	437.27	475.89
805	3.5776	2.8625	2.8625	158.58	457.91
806	3.50435	2.5801	2.5801	458.59	615.9
807	3.2616	3.7705	3.7705	267.39	572.33
808	0.0	0.0	0.0	179.69	41.56
809	0.0	0.0	0.0	369.15	992.23
810	3.03865	3.8373	3.8373	267.25	572.47
811	4.574	6.2561	6.2561	804.35	390.03
812	2.5927	1.5021	1.5021	140.59	502.96
813	4.43535	3.14025	3.14025	763.47	310.6
814	4.7178	4.6792	4.6792	837.95	949.36
815	0.0	0.0	0.0	63.39	353.99
816	3.341	3.6733	3.6733	148.87	213.75
817	0.0	0.0	0.0	617.84	52.39
818	4.0125	3.4058	3.4058	596.23	736.13
819	4.8265	2.8855	2.8855	617.02	623.92
820	5.632149999999999	4.888199999999999	4.888199999999999	715.74	584.15
821	0.0	0.0	0.0	769.98	16.36
822	0.0	0.0	0.0	84.13	15.71
823	0.0	0.0	0.0	391.24	53.61
824	4.04475	2.4013	2.4013	244.53	185.17
825	4.035299999999999	3.3692	3.3692	700.9	234.46
826	4.7687	2.8496	2.8496	127.59	603.98
827	3.8824	4.2937	4.2937	271.54	159.07
828	3.2215	2.1286	2.1286	400.57	404.07
829	3.6479	2.6166	2.6166	249.39	650.77
830	4.3017	3.536	3.536	565.49	615.88
831	6.6224	4.437	4.437	401.52	610.88
832	3.2958	2.8291	2.8291	339.09	641.32
833	4.19835	3.155	3.155	395.49	904.53
834	4.7687	2.8496	2.8496	127.59	603.98
835	4.7113	3.32045	3.32045	795.5	691.51
836	3.2238	2.5818	2.5818	330.44	395.45
837	5.0507	3.3779	3.3779	205.08	126.33
838	3.84815	2.903	2.903	662.06	279.72
839	4.5886	4.1418	4.1418	899.68	797.97
840	4.8362	5.67375	5.67375	231.7	696.66
841	3.8084	3.2768	3.2768	736.32	242.97
842	4.32645	6.453	6.453	673.53	809.55
843	3.2533	3.0074	3.0074	206.99	899.27
844	3.7416	2.6098	2.6098	249.5	650.82
845	4.9669	3.8569	3.8569	825.4	770.88
846	4.3002	5.0517	5.0517	836.1	876.76
847	4.3046	4.2065	4.2065	754.03	616.29
848	4.601	3.1835	3.1835	746.4	153.24
849	4.3088	5.0049	5.0049	836.11	876.64
850	3.4861	3.2885	3.2885	505.55	564.96
851	3.0197	4.8769	4.8769	460.98	861.25
852	3.58845	3.80765	3.80765	566.85	204.77
853	4.2654	5.0083	5.0083	836.03	876.65
854	3.5818000000000003	3.7998	3.7998	566.84	204.88
855	4.08445	3.9404	3.9404	812.59	254.18
856	0.0	0.0	0.0	84.21	15.83
857	4.300000000000001	4.0218	4.0218	812.91	254.33
858	3.9304	2.5085	2.5085	194.59	153.63
859	2.88025	5.02065	5.02065	437.37	476.03
860	4.3046	4.1918	4.1918	754.03	616.09
861	2.88025	5.02065	5.02065	437.37	476.03
862	3.1803	3.771	3.771	151.89	952.94
863	3.50815	3.9503	3.9503	545.51	716.93
864	0.0	0.0	0.0	951.82	77.65
865	3.6107	4.6272	4.6272	231.46	696.91
866	4.8979	3.8422	3.8422	401.6	610.84
867	4.622	6.6424	6.6424	804.41	389.6
868	4.5284	3.8774	3.8774	882.19	778.82
869	5.8516	2.5869	2.5869	201.23	310.66
870	6.4028	5.41475	5.41475	561.17	569.46
871	3.7136	3.1253	3.1253	156.59	516.92
872	3.4075	5.2798	5.2798	369.69	859.98
873	4.7886	4.1104	4.1104	923.97	747.27
874	4.5923	6.7341	6.7341	804.38	389.51
875	0.0	0.0	0.0	1000.05	513.32
876	4.59	2.5335	2.5335	178.8	166.17
877	3.5262	1.9928	1.9928	493.4	251.2
878	5.2224	4.5411	4.5411	573.04	908.65
879	4.1625	6.5855	6.5855	619.56	702.55
880	2.60405	4.616	4.616	313.06	105.47
881	3.2608	2.567	2.567	374.05	229.96
882	4.2769	4.2853	4.2853	711.67	196.06
883	4.68635	2.9619	2.9619	746.48	153.44
884	3.7009	3.2827	3.2827	113.11	288.7
885	2.619	4.1751	4.1751	275.58	554.41
886	3.6223	4.3075	4.3075	712.95	422.03
887	0.0	0.0	0.0	615.1	35.35
888	3.128	2.9553	2.9553	350.5	769.48
889	3.7183	5.81215	5.81215	474.92	657.91
890	5.3231	2.6464	2.6464	356.76	405.92
891	4.223800000000001	4.8927	4.8927	315.07	836.95
892	5.9884	2.366	2.366	219.48	695.0
893	2.4585	4.40005	4.40005	312.98	105.37
894	5.03195	3.3676	3.3676	827.22	836.09
895	0.0	0.0	0.0	43.44	496.21
896	4.1370000000000005	3.0486	3.0486	542.3	401.92
897	4.385400000000001	2.779	2.779	712.53	558.56
898	3.11775	2.731	2.731	320.1	579.79
899	0.0	0.0	0.0	38.33	49.15
900	4.1939	2.4964500000000003	2.4964500000000003	271.79	119.07
901	3.2532	3.1456	3.1456	605.06	615.29
902	4.3045	2.6983	2.6983	276.57	324.94
903	2.6018	4.40005	4.40005	313.07	105.37
904	3.5253	4.3388	4.3388	605.04	273.47
905	3.621	3.3972	3.3972	609.68	204.01
906	3.2848	3.7415	3.7415	152.0	952.41
907	3.032	4.5595	4.5595	184.71	888.99
908	4.0652	3.8304	3.8304	286.16	697.59
909	4.412	2.727	2.727	121.52	615.5
910	3.9223	3.22335	3.22335	715.99	244.96
911	3.7781	2.2052	2.2052	219.6	695.01
912	3.2186	2.0702	2.0702	745.06	167.06
913	2.44635	0.0	0.0	600.85	1001.78
914	0.0	0.0	0.0	43.49	496.41
915	4.7782	4.6592	4.6592	288.23	530.46
916	0.0	0.0	0.0	851.57	46.18
917	0.0	0.0	0.0	369.54	991.74
918	3.8588	2.0605	2.0605	219.84	695.0
919	0.0	0.0	0.0	599.67	53.03
920	0.0	0.0	0.0	74.85	526.64
921	0.0	0.0	0.0	415.78	84.41
922	5.0642	3.4872	3.4872	817.63	393.67
923	3.5372	4.0739	4.0739	308.54	542.86
924	3.831	2.9513	2.9513	702.2	258.21
925	3.11775	2.8407	2.8407	320.1	579.98
926	5.1708	3.4864	3.4864	817.73	393.7
927	3.3747	2.2958	2.2958	521.57	332.13
928	3.2485	2.34265	2.34265	144.67	138.12
929	3.2025	4.1141000000000005	4.1141000000000005	345.09	216.68
930	2.7709	5.47	5.47	126.25	598.06
931	5.8776	2.5802	2.5802	201.0	310.58
932	0.0	0.0	0.0	369.55	991.54
933	2.3352	1.8513	1.8513	316.58	410.09
934	3.7191	1.298	1.298	713.71	472.02
935	3.84035	4.9354	4.9354	286.41	697.02
936	5.8776	2.5931	2.5931	201.0	310.68
937	3.1657	2.8307	2.8307	462.63	753.5
938	2.6261	2.1736	2.1736	323.95	415.58
939	5.5021	6.07715	6.07715	918.28	697.03
940	3.2943	2.8614	2.8614	489.74	155.14
941	2.6793	2.1979	2.1979	324.0	415.49
942	2.4812	4.61885	4.61885	492.62	794.43
943	3.16765	2.3919	2.3919	420.29	239.98
944	3.0931	2.5617	2.5617	506.33	781.99
945	3.6472	2.2615	2.2615	616.53	559.63
946	0.0	0.0	0.0	33.77	164.97
947	4.9687	3.5829	3.5829	859.3	649.02
948	3.0523	3.3587	3.3587	239.1	456.56
949	0.0	0.0	0.0	415.98	84.84
950	4.260149999999999	1.9369	1.9369	184.04	778.27
951	3.2449	2.7952	2.7952	236.17	464.77
952	0.0	0.0	0.0	390.27	65.76
953	2.6597	2.8867	2.8867	308.6	814.92
954	4.573	4.15205	4.15205	762.5	449.85
955	3.6865	3.7144	3.7144	232.07	383.97
956	2.9208	6.6417	6.6417	397.95	303.19
957	0.0	0.0	0.0	41.16	579.67
958	3.8712	4.3886	4.3886	553.6	654.04
959	0.0	0.0	0.0	41.12	579.91
960	7.1857	2.1417	2.1417	661.19	612.2
961	4.2626	5.0726	5.0726	755.02	390.31
962	3.4364	2.4102	2.4102	123.25	807.09
963	3.35485	3.4913	3.4913	422.01	780.93
964	4.1514	3.4735	3.4735	317.32	242.91
965	4.2812	2.71125	2.71125	487.04	344.91
966	0.0	0.0	0.0	949.68	858.99
967	4.1823	3.011	3.011	643.34	482.06
968	4.9635	4.3398	4.3398	895.47	378.98
969	4.4277	4.214700000000001	4.214700000000001	742.52	923.49
970	3.1751	3.0843	3.0843	115.46	477.17
971	4.2202	3.7687	3.7687	694.51	265.06
972	2.9221	3.15415	3.15415	359.03	579.97
973	6.3508	5.76	5.76	725.65	629.71
974	2.99255	4.1037	4.1037	945.99	779.0
975	2.5688	2.0323	2.0323	376.04	575.0
976	7.46115	2.9119	2.9119	201.15	102.03
977	2.9765	5.5304	5.5304	126.38	597.97
978	3.4007	1.3884	1.3884	102.56	444.45
979	5.5119	0.5339499999999999	0.5339499999999999	321.51	490.56
980	3.7982	2.2495	2.2495	224.55	428.98
981	4.2124	3.8081	3.8081	613.24	874.81
982	3.4007	1.3884	1.3884	102.56	444.45
983	3.6049	2.2688	2.2688	385.3	474.79
984	0.0	0.0	0.0	566.22	26.08
985	5.9571	3.2163	3.2163	430.57	348.49
986	4.8691	4.7775	4.7775	266.95	825.52
987	5.9571	3.2163	3.2163	430.57	348.49
988	3.6448	4.8939	4.8939	539.67	952.89
989	3.9869	3.7185	3.7185	232.27	383.96
990	4.0065	7.050800000000001	7.050800000000001	141.92	335.29
991	5.9571	3.2163	3.2163	430.57	348.49
992	4.9109	4.6409	4.6409	266.94	825.54
993	2.64	5.5093	5.5093	126.16	598.0
994	4.0368	3.5193	3.5193	615.53	900.54
995	4.4915	3.1556	3.1556	563.26	804.23
996	4.1296	3.5456000000000003	3.5456000000000003	615.53	900.55
997	3.5793	4.7537	4.7537	622.82	169.42
998	3.0521000000000003	4.1436	4.1436	513.72	244.01
999	4.30945	3.19	3.19	476.06	902.89
1000	2.6325	5.7561	5.7561	394.12	790.52
1001	0.0	0.0	0.0	1000.04	872.61
1002	0.0	0.0	0.0	144.07	986.95
1003	0.0	0.0	0.0	24.73	999.94
1004	3.1353	2.8747	2.8747	215.77	412.03
1005	4.8026	4.0016	4.0016	931.27	372.03
1006	4.1242	4.5365	4.5365	554.05	654.4
1007	3.97915	3.4048	3.4048	700.61	244.4
1008	0.0	0.0	0.0	28.4	558.94
1009	2.2881	3.6178	3.6178	84.23	870.43
1010	3.5326	3.0251	3.0251	557.49	526.11
1011	0.0	0.0	0.0	28.31	558.98
1012	3.3259	2.7956	2.7956	234.32	159.9
1013	0.0	0.0	0.0	25.25	913.28
1014	3.7111	2.34925	2.34925	660.79	423.49
1015	3.29395	4.272550000000001	4.272550000000001	703.01	1005.31
1016	5.2469	3.8507	3.8507	318.32	646.66
1017	0.0	0.0	0.0	111.12	71.73
1018	3.8315	6.2819	6.2819	475.04	658.29
1019	4.2132	3.03665	3.03665	563.68	804.06
1020	3.64305	3.0817	3.0817	414.11	415.7
1021	3.8315	6.2819	6.2819	475.04	658.29
1022	0.0	0.0	0.0	31.92	116.22
1023	4.2728	3.0002	3.0002	563.78	804.13
1024	2.58165	3.9099	3.9099	394.15	790.62
1025	0.0	0.0	0.0	994.23	391.74
1026	5.2848	4.4765	4.4765	318.48	646.81
1027	0.0	0.0	0.0	25.53	913.1
1028	6.2692	1.4918	1.4918	613.89	504.32
1029	3.1353	1.7416	1.7416	591.28	457.74
1030	6.2429	1.4704	1.4704	613.94	504.5
1031	3.8891	3.66465	3.66465	852.0	900.42
1032	6.2212	5.9748	5.9748	734.57	301.45
1033	2.7750000000000004	2.5022	2.5022	254.94	925.22
1034	3.9239	3.3107	3.3107	668.83	311.59
1035	2.90095	2.6162	2.6162	450.69	864.48
1036	2.5612	2.6847	2.6847	464.98	137.03
1037	3.2031	3.41805	3.41805	345.05	196.35
1038	0.0	0.0	0.0	326.9	993.74
1039	5.3599	3.8279	3.8279	574.19	921.0
1040	5.591	5.4519	5.4519	734.45	301.5
1041	0.0	0.0	0.0	326.9	993.74
1042	3.4026	2.9078	2.9078	171.58	434.06
1043	3.92325	3.9852	3.9852	881.07	883.61
1044	3.4144	2.9584	2.9584	510.76	604.99
1045	2.4968	2.6603	2.6603	357.05	306.39
1046	3.4144	2.9584	2.9584	510.76	604.99
1047	6.0041	2.2491	2.2491	456.52	551.5
1048	4.79	3.8324	3.8324	559.08	940.9
1049	0.0	0.0	0.0	58.31	280.88
1050	4.8936	4.0487	4.0487	428.11	530.85
1051	2.8022	2.9077	2.9077	364.35	749.0
1052	6.4922	4.329	4.329	277.16	155.13
1053	4.8534	3.5819	3.5819	821.3	348.78
1054	4.3418	5.1263000000000005	5.1263000000000005	628.51	411.01
1055	3.9124	2.5012	2.5012	293.09	673.91
1056	4.1383	2.0659	2.0659	220.04	695.02
1057	0.0	0.0	0.0	232.16	983.06
1058	5.5893	3.9225	3.9225	255.53	156.84
1059	3.77395	3.2282	3.2282	319.34	628.9
1060	4.7708	3.8345	3.8345	317.13	305.99
1061	0.0	0.0	0.0	340.31	62.05
1062	2.71685	3.3928	3.3928	951.76	713.17
1063	3.9785	3.3905000000000003	3.3905000000000003	197.12	277.07
1064	4.5578	3.8978	3.8978	770.95	982.9
1065	4.5623	4.13955	4.13955	908.01	761.26
1066	3.7489	3.3697	3.3697	668.68	311.93
1067	4.4709	4.6194	4.6194	628.72	410.99
1068	3.8773	3.5249	3.5249	736.52	653.9
1069	3.59345	5.225300000000001	5.225300000000001	634.65	818.92
1070	0.0	0.0	0.0	185.95	64.99
1071	4.84675	3.4219	3.4219	661.96	200.01
1072	3.306	2.06015	2.06015	660.61	423.81
1073	2.7874	2.59235	2.59235	495.08	657.25
1074	5.436	3.7613	3.7613	574.28	920.92
1075	3.8378	3.3027	3.3027	845.24	918.8
1076	3.8625	6.9746	6.9746	542.97	358.5
1077	0.0	0.0	0.0	16.39	902.76
1078	3.1745	1.75455	1.75455	660.52	423.62
1079	3.41965	2.9342	2.9342	81.04	892.64
1080	4.1254	4.4565	4.4565	272.04	225.36
1081	0.0	0.0	0.0	861.67	108.86
1082	5.3028	2.6355	2.6355	690.53	428.09
1083	6.0403	4.222	4.222	255.86	156.68
1084	6.4409	3.8731	3.8731	710.73	506.81
1085	4.3025	4.16325	4.16325	749.95	716.93
1086	5.7885	2.47655	2.47655	481.53	758.34
1087	0.0	0.0	0.0	469.54	23.81
1088	6.0188	2.053	2.053	481.46	758.11
1089	3.68045	3.5047	3.5047	559.51	940.42
1090	4.4305	4.0105	4.0105	803.87	191.45
1091	3.4972	3.5512	3.5512	337.82	747.83
1092	2.5249	2.8913	2.8913	216.21	528.81
1093	6.0397	4.1657	4.1657	255.93	156.56
1094	2.4893	3.6401	3.6401	251.6	686.71
1095	5.2752	3.1783	3.1783	460.04	572.71
1096	2.2232	3.9992	3.9992	251.61	686.47
1097	4.0863	3.5698	3.5698	658.5	712.84
1098	4.179	3.91845	3.91845	681.97	401.36
1099	5.2752	3.3467	3.3467	460.04	572.93
1100	4.5652	3.6658	3.6658	826.71	539.12
1101	1.5172	0.0	0.0	586.97	999.94
1102	0.0	0.0	0.0	16.3	902.58
1103	3.5424	0.87895	0.87895	655.74	563.98
1104	4.1901	3.4482	3.4482	114.82	224.28
1105	0.0	0.0	0.0	37.03	288.97
1106	3.3746	3.4451	3.4451	288.5	361.89
1107	3.8132	6.8806	6.8806	542.97	358.39
1108	2.8608	2.7374	2.7374	172.49	318.44
1109	5.849	2.2478	2.2478	481.3	758.35
1110	5.663	2.4112	2.4112	980.1	146.65
1111	3.9955	2.36685	2.36685	596.3	530.11
1112	4.85245	3.6392	3.6392	911.31	475.11
1113	2.6181	4.0134	4.0134	447.54	471.11
1114	6.1078	5.412	5.412	725.19	629.76
1115	3.8343	2.924	2.924	347.07	436.46
1116	3.9693	3.30965	3.30965	711.51	714.97
1117	4.9700500000000005	4.2646	4.2646	544.74	594.91
1118	3.6965	3.1964	3.1964	103.3	491.62
1119	3.4851	2.3509	2.3509	407.34	758.97
1120	2.6719	3.3878000000000004	3.3878000000000004	154.99	849.97
1121	4.2932	3.3682	3.3682	151.18	596.52
1122	2.919	3.8948	3.8948	374.01	148.64
1123	3.2081	3.65625	3.65625	553.59	470.33
1124	5.863899999999999	2.4179500000000003	2.4179500000000003	980.19	146.81
1125	4.9424	3.6451	3.6451	880.93	386.05
1126	0.0	0.0	0.0	949.65	134.95
1127	4.025	3.45465	3.45465	715.35	797.06
1128	3.0671	2.4757	2.4757	574.47	113.49
1129	5.32175	4.3379	4.3379	902.72	226.3
1130	3.5013500000000004	4.6240000000000006	4.6240000000000006	141.01	156.33
1131	3.1226	3.30585	3.30585	491.06	598.98
1132	4.50465	3.54375	3.54375	837.83	477.63
1133	3.457	3.259	3.259	720.59	269.41
1134	3.5693	6.0913	6.0913	747.14	747.9
1135	0.0	0.0	0.0	698.18	65.84
1136	0.0	0.0	0.0	31.22	737.45
1137	3.7487	2.7456	2.7456	196.27	586.14
1138	2.815	0.54435	0.54435	415.83	519.21
1139	0.0	0.0	0.0	1002.93	896.38
1140	4.88555	5.2411	5.2411	832.55	397.19
1141	3.7017	3.9637	3.9637	403.83	489.22
1142	3.5169	3.3065	3.3065	554.46	585.53
1143	3.5448	0.0	0.0	158.07	728.66
1144	4.1461	2.78355	2.78355	639.03	138.07
1145	2.6466	4.22	4.22	415.04	105.59
1146	2.10515	1.8522	1.8522	167.12	497.63
1147	4.54895	3.57375	3.57375	894.98	303.09
1148	4.6256	3.7956	3.7956	789.0	694.05
1149	3.2837	2.4399	2.4399	190.88	508.73
1150	3.4558	3.5515	3.5515	407.17	867.25
1151	4.6256	3.7928	3.7928	789.0	694.04
1152	2.9731	1.5274	1.5274	592.0	517.94
1153	3.4908	3.4771	3.4771	529.6	952.41
1154	4.0629	3.8011	3.8011	652.01	820.93
1155	4.5423	3.5431	3.5431	834.48	738.53
1156	3.85865	5.94855	5.94855	838.85	872.18
1157	2.0845	2.8873	2.8873	303.11	644.05
1158	5.2092	4.2327	4.2327	960.18	442.93
1159	3.1011	3.905	3.905	245.89	645.76
1160	2.469	2.3168	2.3168	302.28	959.1
1161	4.94725	4.6524	4.6524	865.9	325.49
1162	2.5168	2.6501	2.6501	326.52	916.9
1163	2.872	4.6027	4.6027	448.75	151.07
1164	0.0	0.0	0.0	318.11	74.37
1165	1.5126	4.60365	4.60365	163.96	603.43
1166	2.872	4.6027	4.6027	448.75	151.07
1167	5.0632	6.3622	6.3622	709.74	447.01
1168	4.5896	3.6796	3.6796	574.99	938.03
1169	4.0824	4.26	4.26	278.56	608.13
1170	4.6423	4.65435	4.65435	832.46	397.14
1171	4.2679	4.5008	4.5008	135.2	785.6
1172	3.6943	2.6079	2.6079	194.56	198.56
1173	4.2163	3.8887	3.8887	554.04	514.68
1174	2.92675	3.89515	3.89515	245.78	645.78
1175	4.5229	4.2749500000000005	4.2749500000000005	784.97	879.95
1176	2.5962500000000004	2.5758	2.5758	90.02	797.02
1177	4.177	4.4408	4.4408	135.06	785.65
1178	0.0	0.0	0.0	946.84	104.52
1179	4.2464	6.7009	6.7009	853.25	859.12
1180	3.5159	2.5723	2.5723	162.37	292.16
1181	4.177	4.4526	4.4526	135.06	785.64
1182	3.32935	2.5312	2.5312	633.88	562.19
1183	5.035	6.3622	6.3622	709.93	447.01
1184	3.2158	3.59815	3.59815	553.46	470.46
1185	5.5089	5.6193	5.6193	280.95	316.79
1186	0.0	0.0	0.0	1001.86	461.44
1187	5.06135	4.5889	4.5889	865.94	325.19
1188	2.8441	4.08455	4.08455	373.99	148.98
1189	0.0	0.0	0.0	49.37	367.57
1190	3.27965	2.9669	2.9669	414.04	161.04
1191	3.05045	2.8204	2.8204	264.06	749.44
1192	4.0288	3.27445	3.27445	660.59	189.12
1193	7.3349	3.26	3.26	739.31	300.09
1194	4.599	3.1425	3.1425	519.05	930.91
1195	3.0782	3.5984	3.5984	271.88	892.33
1196	0.0	0.0	0.0	769.91	77.46
1197	3.4499	2.8393	2.8393	147.63	561.26
1198	0.0	0.0	0.0	1001.81	461.16
1199	0.0	0.0	0.0	1001.83	461.15
1200	3.5201	1.964	1.964	638.02	418.96
1201	3.7971	4.0079	4.0079	177.83	221.07
1202	6.2051	2.7626	2.7626	647.11	596.06
1203	0.0	0.0	0.0	100.25	92.81
1204	3.0667	3.5777	3.5777	271.87	892.19
1205	0.0	0.0	0.0	720.22	102.22
1206	4.7759	2.8532	2.8532	317.76	121.87
1207	0.0	0.0	0.0	446.29	33.8
1208	0.0	0.0	0.0	100.26	92.81
1209	4.4986	3.3485	3.3485	203.62	101.81
1210	3.3323	4.3602	4.3602	588.65	639.06
1211	4.114	2.93075	2.93075	606.23	942.26
1212	3.7088	2.82235	2.82235	147.82	561.22
1213	4.9278	3.751	3.751	403.06	928.95
1214	2.7902	2.37	2.37	300.83	479.85
1215	3.6765	2.9395	2.9395	147.8	561.39
1216	2.68865	4.1261	4.1261	261.81	947.23
1217	3.1656	2.61745	2.61745	108.23	681.18
1218	4.2884	4.0185	4.0185	796.7	451.93
1219	4.39205	4.2629	4.2629	789.31	362.07
1220	2.4259	2.0088	2.0088	269.46	867.89
1221	5.0302	4.4431	4.4431	819.91	994.05
1222	3.4375	3.4115	3.4115	706.71	366.93
1223	3.38565	3.4235	3.4235	462.7	876.9
1224	4.5587	2.912	2.912	393.52	639.07
1225	3.0597	3.6082	3.6082	108.01	935.91
1226	4.0859	2.3846	2.3846	439.89	921.72
1227	3.5685	3.0894	3.0894	160.56	812.93
1228	0.0	0.0	0.0	375.94	32.8
1229	0.0	0.0	0.0	241.13	994.21
1230	4.284	2.9129	2.9129	393.39	639.09
1231	4.065	4.2875	4.2875	338.66	249.88
1232	0.0	0.0	0.0	969.97	747.65
1233	3.6128	3.4166	3.4166	160.43	813.02
1234	4.6528	4.9866	4.9866	308.86	717.79
1235	3.8514	2.6562	2.6562	125.98	551.98
1236	4.5367	5.908	5.908	363.33	821.61
1237	3.6759	4.5082	4.5082	581.5	847.3
1238	3.866	2.4881	2.4881	579.57	299.12
1239	4.2068	3.6399	3.6399	171.7	550.73
1240	3.6945	2.7728	2.7728	631.18	514.37
1241	4.1692	4.1031	4.1031	497.68	493.97
1242	5.23575	3.8746	3.8746	563.9	625.23
1243	4.164	3.7438	3.7438	468.0	841.96
1244	3.3039500000000004	2.8505	2.8505	189.01	128.58
1245	0.0	0.0	0.0	989.76	34.93
1246	0.0	0.0	0.0	956.01	95.63
1247	0.0	0.0	0.0	888.02	66.08
1248	0.0	0.0	0.0	956.01	95.63
1249	0.0	0.0	0.0	969.89	747.93
1250	2.8158	4.5387	4.5387	470.67	296.12
1251	7.01475	5.0895	5.0895	605.8	791.52
1252	3.7894	4.5075	4.5075	812.48	157.95
1253	3.755	2.8641	2.8641	656.08	602.67
1254	3.30365	3.2345	3.2345	551.55	462.94
1255	2.3428	2.6335	2.6335	413.06	353.98
1256	3.9782	1.2857	1.2857	378.02	441.64
1257	5.16565	3.1071	3.1071	360.51	921.92
1258	5.0191	2.9648	2.9648	574.85	649.14
1259	2.2713	1.4011	1.4011	390.37	537.04
1260	0.0	0.0	0.0	1002.2	948.25
1261	4.2132	4.1542	4.1542	654.26	259.16
1262	4.5745	4.0677	4.0677	790.15	846.55
1263	3.584	4.0814	4.0814	538.07	885.92
1264	4.044	3.5287	3.5287	89.92	902.79
1265	7.18575	5.0895	5.0895	605.62	791.52
1266	7.18575	5.0895	5.0895	605.62	791.52
1267	2.7991	2.9186	2.9186	519.6	423.45
1268	0.0	0.0	0.0	759.27	94.02
1269	2.2098500000000003	2.3613	2.3613	134.09	669.95
1270	3.9202	2.295	2.295	302.99	516.12
1271	4.03405	3.85845	3.85845	845.99	1009.25
1272	5.2715	4.1646	4.1646	952.72	218.29
1273	0.0	0.0	0.0	66.15	420.05
1274	4.74115	4.1772	4.1772	857.31	884.93
1275	4.1685	2.75755	2.75755	345.97	703.41
1276	4.17385	3.8594	3.8594	157.11	684.84
1277	2.4021	2.8028	2.8028	897.94	161.34
1278	5.2925	3.597	3.597	612.03	790.69
1279	5.0482	4.8032	4.8032	819.89	994.39
1280	3.815	3.3703	3.3703	690.32	657.91
1281	0.0	0.0	0.0	39.99	87.35
1282	2.52155	2.5249	2.5249	172.1	753.98
1283	3.6426	0.0	0.0	310.18	88.71
1284	3.6345	2.8777	2.8777	280.99	162.61
1285	0.62365	0.49415	0.49415	245.06	974.45
1286	0.0	0.0	0.0	40.03	87.11
1287	0.0	0.0	0.0	714.08	44.22
1288	0.0	0.0	0.0	946.37	961.16
1289	2.7292	3.3354	3.3354	331.59	185.99
1290	3.8801	3.3742	3.3742	658.52	532.01
1291	4.3205	3.8389	3.8389	854.04	675.07
1292	4.9839	1.4211	1.4211	464.59	224.94
1293	5.1964500000000005	3.1873500000000003	3.1873500000000003	460.64	368.19
1294	3.061	2.458	2.458	168.67	296.96
1295	3.945	3.2527	3.2527	680.45	838.43
1296	3.9649	3.2316	3.2316	436.21	321.0
1297	3.1581	4.4784	4.4784	215.36	754.12
1298	4.1352	5.07625	5.07625	644.75	234.18
1299	4.2326	3.0068	3.0068	344.11	430.93
1300	4.6495	3.87185	3.87185	903.99	494.05
1301	2.9419	2.1356	2.1356	565.05	594.95
1302	2.354	1.9924	1.9924	472.27	704.12
1303	0.0	0.0	0.0	463.3	58.02
1304	4.2326	3.0046	3.0046	344.11	430.92
1305	3.3902	3.1941	3.1941	451.04	269.08
1306	3.9175	4.5468	4.5468	720.07	543.14
1307	0.0	0.0	0.0	346.81	24.06
1308	3.5852	3.1756	3.1756	171.48	550.88
1309	3.4765	2.8364	2.8364	251.1	201.56
1310	3.5465	2.0498	2.0498	87.38	825.92
1311	3.2431	2.2879	2.2879	434.93	446.99
1312	4.586	5.55875	5.55875	714.76	577.28
1313	0.0	0.0	0.0	965.43	967.79
1314	3.967	2.801	2.801	538.36	371.02
1315	3.02405	3.2806	3.2806	466.05	543.7
1316	5.1618	4.8128	4.8128	893.95	326.97
1317	0.0	1.05445	1.05445	88.05	455.04
1318	3.3099	3.11745	3.11745	611.31	354.85
1319	3.6014	4.259	4.259	515.79	857.98
1320	4.9999	4.2003	4.2003	901.99	527.96
1321	0.0	0.0	0.0	454.08	66.33
1322	4.500500000000001	5.5429	5.5429	549.81	890.26
1323	3.4942	1.35965	1.35965	308.53	98.04
1324	3.54585	5.71125	5.71125	199.66	833.21
1325	0.0	0.0	0.0	54.95	979.36
1326	3.0996	2.92965	2.92965	135.16	815.85
1327	4.2773	4.25675	4.25675	884.17	904.1
1328	3.782	2.1619	2.1619	591.65	227.83
1329	3.01215	3.4758	3.4758	466.03	543.91
1330	3.588	5.619	5.619	199.78	833.07
1331	2.9136	2.5577	2.5577	413.1	498.63
1332	2.5725	2.4064	2.4064	300.61	480.06
1333	2.6982	3.951	3.951	389.99	484.9
1334	4.8708	6.5448	6.5448	846.46	300.44
1335	4.4858	5.7021	5.7021	714.65	577.15
1336	5.5753	4.0415	4.0415	936.02	492.87
1337	6.2652	3.9035	3.9035	330.76	883.19
1338	4.2155000000000005	4.3638	4.3638	884.09	904.21
1339	0.0	0.0	0.0	1006.5	397.46
1340	3.7434	2.107	2.107	292.01	632.04
1341	4.4511	7.6485	7.6485	549.59	890.66
1342	3.0037	1.4789	1.4789	147.12	704.02
1343	5.5753	3.9309	3.9309	936.02	492.66
1344	4.1452	4.7742	4.7742	553.78	613.73
1345	5.14	3.6816	3.6816	130.17	744.01
1346	2.61385	3.4213	3.4213	230.57	806.47
1347	4.6008	4.8016000000000005	4.8016000000000005	842.94	694.03
1348	5.888999999999999	4.0496	4.0496	735.93	861.93
1349	2.4306	2.07595	2.07595	140.19	952.64
1350	6.5889	8.305399999999999	8.305399999999999	593.99	358.55
1351	1.8498	1.544	1.544	508.09	128.57
1352	3.64445	2.5812	2.5812	554.94	421.35
1353	6.2161	4.0539	4.0539	330.87	883.39
1354	3.96695	4.4333	4.4333	778.79	308.13
1355	4.406599999999999	4.8306	4.8306	832.95	889.63
1356	4.2463	1.9717	1.9717	420.91	943.65
1357	1.8648	3.5439	3.5439	296.93	804.03
1358	3.7106	2.79695	2.79695	269.09	790.67
1359	3.9324	7.28295	7.28295	694.36	204.84
1360	6.6743	4.0309	4.0309	330.84	883.53
1361	0.0	0.0	0.0	947.48	999.98
1362	0.0	0.0	0.0	131.61	85.55
1363	4.1539	2.9938	2.9938	344.03	430.83
1364	2.5822	3.2697	3.2697	335.6	844.76
1365	4.46455	5.5016	5.5016	549.59	890.37
1366	0.0	0.0	0.0	522.68	1010.24
1367	0.0	0.0	0.0	337.03	48.38
1368	0.0	0.0	0.0	970.33	79.0
1369	3.5185	3.8153	3.8153	712.05	402.47
1370	3.4889	4.1157	4.1157	753.72	702.84
1371	2.9764	3.1836	3.1836	144.74	913.95
1372	3.5105	2.9338	2.9338	625.05	774.98
1373	0.0	0.0	0.0	281.52	27.15
1374	1.87275	0.0	0.0	506.89	355.56
1375	4.3328	4.2285	4.2285	939.14	916.13
1376	4.9659	5.6774	5.6774	600.27	645.88
1377	0.0	0.0	0.0	988.49	442.95
1378	3.80015	2.3916	2.3916	628.01	826.02
1379	3.9756	1.5508	1.5508	195.17	82.96
1380	0.0	0.0	0.0	46.87	946.31
1381	4.5189	1.3927	1.3927	423.12	225.61
1382	3.3663	3.583	3.583	344.06	685.94
1383	3.76285	1.0168	1.0168	312.35	649.9
1384	0.0	0.0	0.0	961.91	709.66
1385	0.0	0.0	0.0	1006.52	597.99
1386	3.00555	1.7263	1.7263	340.51	105.0
1387	3.4166	5.3474	5.3474	613.67	841.07
1388	2.4294	1.8316	1.8316	208.16	452.67
1389	3.08595	3.1912	3.1912	372.41	343.75
1390	3.6104	3.3914	3.3914	632.49	984.45
1391	4.1876	4.4328	4.4328	785.37	999.9
1392	4.2371	2.6238	2.6238	769.06	259.06
1393	3.8385	2.7055	2.7055	685.3	487.85
1394	0.0	0.0	0.0	723.01	49.55
1395	4.5892	4.9976	4.9976	832.22	354.11
1396	3.2196	3.3102	3.3102	221.0	363.0
1397	0.0	0.0	0.0	26.1	903.3
1398	3.0568	1.7967	1.7967	331.34	324.06
1399	1.777	0.85505	0.85505	365.08	635.94
1400	5.6659	4.85175	4.85175	813.59	470.13
1401	4.244949999999999	4.12085	4.12085	892.95	712.9
1402	2.5904	2.50125	2.50125	480.0	199.16
1403	3.55	3.6242	3.6242	690.22	483.21
1404	2.30915	1.5612	1.5612	301.72	280.01
1405	3.5661	3.6242	3.6242	690.23	483.21
1406	2.7353	2.99335	2.99335	194.71	907.96
1407	3.9128	3.9061	3.9061	430.04	829.04
1408	2.012	4.7824	4.7824	314.21	574.66
1409	4.1747	4.192	4.192	535.6	658.92
1410	3.64525	0.8844	0.8844	312.22	649.81
1411	3.4918	4.772349999999999	4.772349999999999	548.98	208.58
1412	2.0022	4.78185	4.78185	314.22	574.65
1413	4.6519	3.7681	3.7681	402.07	684.22
1414	3.9083	0.5291	0.5291	494.37	538.28
1415	2.7209	7.8246	7.8246	157.57	187.94
1416	4.1473	4.0088	4.0088	178.05	221.06
1417	3.8749	3.9793	3.9793	430.11	829.2
1418	0.0	0.0	0.0	729.3	97.85
1419	3.2894	1.7159	1.7159	194.54	249.63
1420	4.2109000000000005	3.7531	3.7531	769.72	206.95
1421	3.59425	0.8843	0.8843	312.16	649.81
1422	3.4395	3.1643	3.1643	262.01	582.24
1423	0.0	0.0	0.0	49.35	353.15
1424	3.9673	2.4472	2.4472	673.27	321.14
1425	3.3615	0.8141	0.8141	730.12	130.34
1426	5.2459	2.72345	2.72345	889.48	434.99
1427	3.82515	3.3207	3.3207	442.52	173.1
1428	0.0	0.0	0.0	81.94	486.76
1429	3.91115	1.7009	1.7009	510.44	752.55
1430	0.0	0.0	0.0	63.4	472.0
1431	4.6905	3.5684	3.5684	952.44	196.94
1432	3.9205	4.1276	4.1276	118.77	584.1
1433	0.0	0.0	0.0	712.06	60.59
1434	1.339	2.6839500000000003	2.6839500000000003	173.28	615.76
1435	4.0028	3.6314	3.6314	734.86	557.27
1436	4.0405	4.3519000000000005	4.3519000000000005	664.83	968.78
1437	4.2871	2.96865	2.96865	331.92	171.87
1438	2.8944	2.0729	2.0729	421.59	499.96
1439	4.6545	5.4594	5.4594	768.07	667.88
1440	1.9605	1.7536	1.7536	705.63	129.07
1441	4.54835	4.2387	4.2387	783.69	842.26
1442	1.3728	2.6839500000000003	2.6839500000000003	173.29	615.76
1443	3.5926	2.6853	2.6853	551.12	773.29
1444	4.6567	3.8318	3.8318	402.06	684.34
1445	4.2717	3.6453	3.6453	783.25	842.63
1446	4.0224	5.9535	5.9535	490.88	866.76
1447	1.9508	0.0	0.0	148.58	583.45
1448	4.7004	3.704	3.704	401.97	684.12
1449	3.0619	6.832	6.832	329.45	837.94
1450	3.0653	2.99005	2.99005	158.76	929.05
1451	2.73	3.9211	3.9211	372.55	839.36
1452	4.4404	5.0359	5.0359	924.22	726.79
1453	2.7012	2.8981	2.8981	102.28	819.16
1454	1.8559	3.0598	3.0598	713.47	1009.24
1455	4.0184	6.03905	6.03905	490.89	866.64
1456	3.1348	5.403449999999999	5.403449999999999	682.83	500.36
1457	2.0872	4.2926	4.2926	463.56	721.9
1458	4.3165	3.1851000000000003	3.1851000000000003	322.07	177.09
1459	4.787850000000001	1.6752	1.6752	646.76	257.87
1460	4.3713	3.77315	3.77315	777.81	664.66
1461	4.05125	4.8253	4.8253	312.09	902.44
1462	1.7052	1.5299	1.5299	251.4	616.03
1463	2.6064	6.7224	6.7224	329.61	837.95
1464	3.4758	5.7927	5.7927	539.58	363.61
1465	2.085	1.8314	1.8314	313.33	589.91
1466	4.05125	4.8251	4.8251	312.09	902.43
1467	2.7910000000000004	2.6678	2.6678	297.42	845.3
1468	2.5676	4.2587	4.2587	421.1	759.91
1469	0.0	0.0	0.0	879.93	123.99
1470	4.1164	4.6797	4.6797	235.95	426.33
1471	0.0	0.0	0.0	25.91	386.56
1472	3.1847	3.7453	3.7453	290.01	375.53
1473	4.8598	3.7962	3.7962	632.77	366.6
1474	2.352	4.2414	4.2414	463.73	721.75
1475	3.2201	2.5169	2.5169	94.5	746.1
1476	2.4721	5.6618	5.6618	198.88	827.19
1477	2.5676	4.2587	4.2587	421.1	759.91
1478	3.7796	3.4464	3.4464	543.01	810.22
1479	2.1111	2.3224	2.3224	584.09	116.32
1480	6.4894	3.9257	3.9257	433.32	219.96
1481	4.1471	3.1863	3.1863	321.95	177.18
1482	4.1194	3.99405	3.99405	224.1	819.92
1483	2.4441	3.4381	3.4381	281.06	422.99
1484	3.8855	2.9474	2.9474	650.01	585.9
1485	2.89235	3.9174	3.9174	290.01	375.4
1486	3.647	4.8825	4.8825	665.0	208.76
1487	2.886	2.2923	2.2923	210.09	915.84
1488	4.8649	1.70905	1.70905	646.96	257.9
1489	1.8263	3.6822	3.6822	713.46	1009.46
1490	3.0410500000000003	3.6131	3.6131	619.48	460.88
1491	3.236	3.4797	3.4797	119.5	780.82
1492	4.1194	3.99405	3.99405	224.1	819.92
1493	4.025	6.1492	6.1492	490.96	866.52
1494	4.2303	3.5179	3.5179	796.05	429.92
1495	3.6798	2.5635	2.5635	104.35	512.95
1496	3.6175	3.45545	3.45545	795.23	982.71
1497	3.6798	2.5635	2.5635	104.35	512.95
1498	4.2987	3.1403	3.1403	822.27	298.06
1499	3.967	3.0458	3.0458	872.46	274.52
1500	4.5546	3.0595	3.0595	283.09	185.41
1501	2.7121	3.962	3.962	299.02	931.64
1502	4.7479	3.3741	3.3741	974.98	391.01
1503	7.191	5.6547	5.6547	557.5	487.58
1504	3.2425	3.73765	3.73765	337.9	238.32
1505	3.4151	3.3001	3.3001	593.0	895.21
1506	2.0845	2.6965	2.6965	474.98	354.04
1507	0.0	0.0	0.0	80.07	543.52
1508	2.3585	3.79695	3.79695	80.07	622.96
1509	2.7121	3.9655	3.9655	299.02	931.63
1510	3.2238	3.6977	3.6977	359.32	143.27
1511	3.97635	4.6525	4.6525	876.31	515.9
1512	0.0	0.0	0.0	912.74	35.87
1513	4.1814	3.374	3.374	863.24	481.27
1514	3.4824	3.011	3.011	525.97	306.14
1515	0.0	0.0	0.0	968.82	739.13
1516	3.0618	2.8411	2.8411	412.07	271.03
1517	3.4824	3.0262	3.0262	525.97	306.15
1518	4.0433	2.7613	2.7613	725.65	368.32
1519	4.0585	3.08255	3.08255	283.29	185.56
1520	2.9607	3.36365	3.36365	416.09	966.47
1521	0.0	0.0	0.0	245.84	1004.01
1522	2.5619	0.8829	0.8829	145.42	350.95
1523	3.5721	4.176	4.176	685.98	978.41
1524	4.15945	0.0	0.0	695.76	461.12
1525	3.41055	3.0742	3.0742	592.99	894.97
1526	2.5023	2.0234	2.0234	392.37	383.25
1527	4.22845	3.5337	3.5337	832.62	427.45
1528	0.0	0.0	0.0	877.99	81.99
1529	5.6542	3.5475	3.5475	547.89	651.83
1530	3.9259	3.0392	3.0392	653.35	893.1
1531	3.60815	3.4267	3.4267	130.52	240.94
1532	2.0697	3.4492	3.4492	320.96	803.91
1533	3.9692	3.3072	3.3072	283.29	185.8
1534	4.3348	1.2751	1.2751	462.36	367.11
1535	2.472	2.8132	2.8132	367.63	129.58
1536	2.9175	4.4524	4.4524	265.73	612.11
1537	4.207700000000001	6.1873000000000005	6.1873000000000005	802.91	802.19
1538	3.7708	5.553699999999999	5.553699999999999	795.97	720.69
1539	6.7076	4.01085	4.01085	814.96	631.68
1540	2.0982	3.6536	3.6536	347.24	659.18
1541	2.2019	4.4652	4.4652	487.58	452.87
1542	2.9222	2.6963	2.6963	376.31	263.11
1543	3.1202	2.5023	2.5023	205.02	607.65
1544	0.0	0.0	0.0	392.09	73.73
1545	0.0	0.0	0.0	16.11	671.19
1546	3.9854	5.3303	5.3303	539.49	363.83
1547	4.2329	5.7553	5.7553	486.0	838.0
1548	4.22845	3.5337	3.5337	832.62	427.45
1549	2.667	3.6163	3.6163	160.1	660.99
1550	0.0	0.0	0.0	70.37	89.11
1551	0.0	0.0	0.0	16.31	670.98
1552	0.0	0.0	0.0	559.73	17.06
1553	4.31515	4.855650000000001	4.855650000000001	312.37	902.19
1554	3.5216	2.9644	2.9644	176.0	275.45
1555	3.00445	1.683	1.683	175.02	685.45
1556	5.2183	3.7684	3.7684	384.99	681.35
1557	3.6924	2.5487	2.5487	548.55	674.39
1558	0.0	0.0	0.0	16.31	670.98
1559	3.61	2.716	2.716	938.33	868.13
1560	2.9662	2.7708500000000003	2.7708500000000003	471.67	923.08
1561	0.0	0.0	0.0	79.76	174.84
1562	4.3175	2.7503	2.7503	725.96	368.36
1563	0.0	1.52455	1.52455	71.1	646.04
1564	2.0455	2.8344	2.8344	180.13	866.47
1565	2.0937	2.8169	2.8169	490.44	403.85
1566	2.5801	2.9895500000000004	2.9895500000000004	650.77	988.69
1567	0.0	0.0	0.0	100.53	99.95
1568	0.0	0.0	0.0	68.34	379.09
1569	2.6209	5.7588	5.7588	199.01	827.07
1570	5.7188	3.618	3.618	547.77	651.92
1571	0.0	0.0	0.0	62.59	664.53
1572	4.0353	2.61115	2.61115	328.58	92.86
1573	2.5511	2.4986	2.4986	365.5	259.53
1574	2.5208	3.452	3.452	124.68	565.42
1575	3.76435	2.54725	2.54725	585.08	535.08
1576	2.6861	1.69365	1.69365	90.06	630.93
1577	0.0	0.0	0.0	658.66	64.97
1578	4.091950000000001	5.6742	5.6742	486.34	837.77
1579	0.0	0.0	0.0	986.56	939.51
1580	0.0	0.0	0.0	267.05	55.57
1581	1.9228	3.6729	3.6729	271.06	905.07
1582	2.6619	3.2672	3.2672	464.31	693.1
1583	3.8646	3.3178	3.3178	717.53	733.42
1584	5.23545	3.475	3.475	384.88	681.14
1585	4.875	2.2491	2.2491	740.43	978.87
1586	4.0994	4.7392	4.7392	886.98	897.0
1587	4.0542	2.7454	2.7454	524.09	185.03
1588	3.45265	1.70635	1.70635	628.05	584.7
1589	2.5276	1.3184	1.3184	305.95	187.65
1590	3.4369	2.1882	2.1882	628.02	584.91
1591	1.71555	1.8449	1.8449	354.5	535.96
1592	3.9532	4.9187	4.9187	695.98	209.6
1593	3.98	2.157	2.157	397.0	821.99
1594	0.0	3.2768	3.2768	117.24	139.4
1595	2.7417	2.11735	2.11735	714.54	153.92
1596	4.13565	4.1623	4.1623	659.93	485.98
1597	4.2538	4.3539	4.3539	428.73	102.03
1598	4.1537	3.4304	3.4304	435.2	969.36
1599	5.2533	2.5667	2.5667	282.12	914.86
1600	3.6197	2.09755	2.09755	180.53	420.94
1601	0.0	4.8495	4.8495	608.44	547.96
1602	5.293749999999999	4.0384	4.0384	918.67	257.86
1603	2.4296	3.1951	3.1951	288.09	865.54
1604	3.6543	4.5063	4.5063	532.6	259.92
1605	4.4542	5.46555	5.46555	898.22	765.0
1606	2.2844	1.80635	1.80635	562.91	989.92
1607	2.7862	1.6188	1.6188	270.36	502.14
1608	0.0	0.0	0.0	963.26	67.22
1609	0.0	0.0	0.0	160.53	20.09
1610	0.0	0.0	0.0	664.03	87.76
1611	4.449249999999999	3.76055	3.76055	279.01	154.87
1612	4.1277	6.0669	6.0669	218.09	507.02
1613	3.779	2.0823	2.0823	613.92	602.97
1614	1.945	3.6582	3.6582	271.07	905.23
1615	2.4827	2.0476	2.0476	324.09	901.95
1616	3.88165	4.2081	4.2081	946.16	663.74
1617	2.9872	2.7458	2.7458	516.97	832.04
1618	4.0366	2.4511	2.4511	640.68	255.2
1619	2.7929	2.0999	2.0999	353.05	697.98
1620	1.11355	0.0	0.0	408.47	534.95
1621	0.0	0.0	0.0	956.16	88.79
1622	4.5943	1.0913	1.0913	464.07	664.91
1623	3.17565	3.4668	3.4668	125.01	565.41
1624	4.79795	3.76055	3.76055	279.24	154.87
1625	3.3831	3.64185	3.64185	274.83	586.19
1626	4.4838	4.2503	4.2503	684.96	732.82
1627	4.4619	3.8845	3.8845	767.98	580.06
1628	3.50965	3.58335	3.58335	331.53	704.45
1629	4.5245	0.8498	0.8498	522.11	126.54
1630	4.6845	4.2041	4.2041	357.07	615.02
1631	3.175	3.3175	3.3175	120.88	705.76
1632	4.4972	1.0265	1.0265	522.09	126.55
1633	0.0	0.0	0.0	963.36	67.17
1634	3.5913	3.56355	3.56355	331.62	704.21
1635	4.5054	0.4982	0.4982	139.29	601.11
1636	0.0	0.0	0.0	983.77	947.64
1637	1.8743	1.8331	1.8331	423.09	114.14
1638	4.165150000000001	3.1105	3.1105	555.03	645.02
1639	3.7005	2.7635	2.7635	607.9	847.45
1640	4.3134	3.91565	3.91565	704.93	973.53
1641	2.8726	3.5328	3.5328	690.35	549.87
1642	0.0	0.0	0.0	689.82	70.46
1643	4.109	4.5516	4.5516	560.3	912.89
1644	4.407	3.9094	3.9094	704.93	973.52
1645	0.0	0.0	0.0	1007.19	175.71
1646	4.80405	3.9654	3.9654	919.5	493.02
1647	5.0969	4.2558	4.2558	614.36	213.89
1648	0.0	0.0	0.0	23.0	224.3
1649	3.6144	1.3107	1.3107	286.34	508.03
1650	2.13385	3.0772	3.0772	421.52	652.97
1651	0.0	0.0	0.0	505.46	65.31
1652	1.9063	3.0628	3.0628	421.3	652.91
1653	3.9203	2.8445	2.8445	434.18	406.52
1654	3.12605	3.205	3.205	681.06	817.94
1655	3.3508	2.5315	2.5315	760.5	778.54
1656	3.2415	3.1857	3.1857	325.03	780.96
1657	0.0	0.0	0.0	994.56	483.01
1658	4.6447	0.0	0.0	295.77	263.01
1659	6.9952000000000005	2.1454500000000003	2.1454500000000003	689.52	374.11
1660	3.5944000000000003	3.62855	3.62855	677.1	272.45
1661	6.2243	3.9065	3.9065	942.52	495.11
1662	4.0742	4.9283	4.9283	247.49	243.61
1663	3.2194	1.7575	1.7575	964.35	154.16
1664	6.2243	3.9062	3.9062	942.52	495.1
1665	2.41855	0.0	0.0	419.71	406.02
1666	4.8701	4.267	4.267	938.94	264.98
1667	0.0	0.0	0.0	997.01	700.02
1668	0.0	0.0	0.0	994.4	483.02
1669	3.33355	1.6596	1.6596	628.42	722.08
1670	2.72955	4.7262	4.7262	137.78	791.09
1671	2.4748	2.4543	2.4543	749.02	144.67
1672	3.8555	2.7121	2.7121	198.42	933.93
1673	2.2109	1.2054	1.2054	269.0	953.61
1674	0.0	0.0	0.0	970.0	683.86
1675	2.8624	2.1443	2.1443	193.36	464.25
1676	2.2469	3.59585	3.59585	302.98	550.42
1677	0.0	0.0	0.0	1006.97	178.0
1678	0.0	0.0	0.0	14.04	91.9
1679	3.7824	0.0	0.0	435.95	371.32
1680	0.0	0.0	0.0	976.67	726.11
1681	4.67975	3.52385	3.52385	731.79	892.11
1682	3.9814	4.0481	4.0481	800.71	789.0
1683	3.3223	1.1694	1.1694	302.45	788.56
1684	3.9046	5.3503	5.3503	594.32	865.97
1685	0.0	0.0	0.0	32.04	814.96
1686	3.0458	3.6519	3.6519	400.09	692.04
1687	4.8004	4.5049	4.5049	815.99	615.0
1688	0.0	0.0	0.0	172.98	23.98
1689	4.6066	4.6758	4.6758	552.92	965.27
1690	4.04895	4.6551	4.6551	752.1	972.97
1691	2.969	3.5671	3.5671	867.02	988.65
1692	0.0	0.0	0.0	996.42	200.51
1693	3.9727	1.57305	1.57305	310.01	117.56
1694	2.814	2.7318	2.7318	329.96	963.65
1695	2.1678	1.49655	1.49655	476.03	389.97
1696	1.94775	0.0	0.0	401.92	523.11
1697	3.2801	3.9114	3.9114	439.49	885.38
1698	0.0	0.0	0.0	555.87	34.71
1699	4.1068	1.96425	1.96425	800.98	665.99
1700	3.9044	1.8555	1.8555	876.51	544.59
1701	5.12255	4.1612	4.1612	876.74	368.02
1702	4.7998	3.88195	3.88195	820.04	474.01
1703	3.6416	3.70605	3.70605	274.99	586.04
1704	1.1901	6.6908	6.6908	410.83	471.03
1705	3.5326	3.2761	3.2761	680.79	714.24
1706	3.5929	2.0908	2.0908	141.54	90.15
1707	3.62285	3.6047	3.6047	657.93	308.7
1708	0.0	0.0	0.0	250.03	1010.24
1709	4.8584	5.7865	5.7865	814.95	947.89
1710	0.0	0.0	0.0	249.94	979.6
1711	2.6662	3.99705	3.99705	168.77	570.89
1712	2.9048	3.87375	3.87375	530.93	386.45
1713	0.0	0.0	0.0	472.01	89.98
1714	0.0	0.0	0.0	386.12	24.58
1715	3.3021	1.6698	1.6698	202.37	368.1
1716	3.2815000000000003	2.2702	2.2702	540.95	781.25
1717	4.7645	3.6651	3.6651	774.93	972.89
1718	2.68695	2.2157	2.2157	775.98	146.91
1719	3.78025	5.59415	5.59415	246.56	207.91
1720	0.0	1.0707	1.0707	270.26	700.75
1721	5.4313	0.0	0.0	401.22	428.8
1722	3.0032	4.073	4.073	335.98	776.63
1723	3.1022	4.5397	4.5397	416.9	908.44
1724	0.0	0.0	0.0	283.5	77.58
1725	2.7118	2.2177	2.2177	366.07	889.0
1726	0.0	0.0	0.0	250.28	78.28
1727	3.9554	5.6764	5.6764	246.74	207.89
1728	3.2574	3.4626	3.4626	236.84	360.29
1729	3.6513	0.94265	0.94265	135.31	558.76
1730	4.101100000000001	5.1137	5.1137	696.27	210.08
1731	2.57345	2.9509	2.9509	124.14	831.46
1732	4.0093	4.23485	4.23485	895.09	251.12
1733	2.9601	1.6424	1.6424	529.89	559.81
1734	0.0	0.0	0.0	430.08	1003.92
1735	4.2519	4.1292	4.1292	682.99	930.24
1736	0.0	0.0	0.0	249.94	979.43
1737	0.0	0.0	0.0	38.15	136.13
1738	3.3627	1.7169500000000002	1.7169500000000002	205.39	559.91
1739	0.0	1.4758	1.4758	993.67	263.9
1740	0.0	0.0	0.0	972.47	109.51
1741	3.637	0.0	0.0	727.48	448.09
1742	3.6863	3.0857	3.0857	886.77	807.05
1743	2.90005	4.802	4.802	625.07	839.03
1744	3.7793	2.777	2.777	94.86	787.4
1745	3.4003	0.8188	0.8188	535.32	736.0
1746	3.801	2.422	2.422	770.69	389.71
1747	0.0	0.0	0.0	996.98	68.92
1748	3.2341	3.1329	3.1329	117.57	728.42
1749	3.81365	3.58965	3.58965	778.94	808.66
1750	4.0712	2.0207	2.0207	546.98	328.7
1751	1.506	0.0	0.0	297.57	578.87
1752	0.0	0.0	0.0	250.0	1010.03
1753	0.6496	6.8603000000000005	6.8603000000000005	410.73	470.88
1754	2.0594	3.9143	3.9143	292.12	170.09
1755	4.00305	2.4861	2.4861	73.1	833.77
1756	2.0628	2.2859	2.2859	482.56	178.0
1757	2.263	3.3672500000000003	3.3672500000000003	414.58	595.05
1758	3.0987	1.3534	1.3534	495.03	236.5
1759	3.4314	3.8717	3.8717	124.12	322.08
1760	0.0	0.0	0.0	437.28	85.08
1761	0.0	0.0	0.0	647.5	57.54
1762	4.0447	2.6514	2.6514	466.0	585.93
1763	4.9488	4.1941	4.1941	940.79	273.58
1764	4.01925	3.9504	3.9504	711.97	784.51
1765	4.2652	4.4471	4.4471	537.79	200.75
1766	4.5647	6.0629	6.0629	469.09	480.92
1767	2.9662	3.3916	3.3916	384.09	305.22
1768	0.0	0.0	0.0	309.15	25.38
1769	4.294499999999999	3.0635	3.0635	915.04	410.49
1770	4.1117	1.1165	1.1165	282.59	438.49
1771	3.1562	0.0	0.0	736.08	682.67
1772	5.1754	6.4608	6.4608	801.91	806.07
1773	0.0	0.0	0.0	976.66	670.97
1774	3.3334	3.8369	3.8369	741.09	533.1
1775	3.6403	3.02105	3.02105	616.72	274.88
1776	4.051	0.0	0.0	168.56	901.51
1777	4.15685	3.4996	3.4996	918.02	229.33
1778	4.6637	4.3908	4.3908	788.0	448.08
1779	3.043	3.6892	3.6892	538.04	816.95
1780	5.24705	0.0	0.0	609.53	813.0
1781	0.0	0.0	0.0	12.51	559.0
1782	3.6204	0.50305	0.50305	524.97	978.49
1783	3.1889	2.3502	2.3502	265.45	526.81
1784	2.1957	3.3612	3.3612	327.3	877.2
1785	3.537	2.8431	2.8431	202.38	295.99
1786	0.0	0.0	0.0	985.12	559.21
1787	0.0	0.0	0.0	15.02	577.42
1788	0.0	0.0	0.0	985.02	559.13
1789	3.1147	3.4038	3.4038	390.57	682.88
1790	2.8466	1.5565	1.5565	265.56	526.86
1791	2.9394	2.8801	2.8801	344.05	501.97
1792	0.0	0.0	0.0	15.02	577.42
1793	4.43625	4.3872	4.3872	786.97	440.06
1794	2.9989	1.3255	1.3255	492.91	199.67
1795	2.3688	5.0721	5.0721	168.19	90.27
1796	0.0	0.0	0.0	972.21	109.43
1797	0.0	0.0	0.0	467.76	993.89
1798	0.0	1.9647	1.9647	939.93	903.89
1799	0.0	0.0	0.0	45.11	163.02
1800	3.7493	1.6468	1.6468	331.26	489.37
1801	2.2139	1.4354	1.4354	76.01	924.09
1802	1.6439	6.1601	6.1601	540.53	599.99
1803	3.8568	3.3897	3.3897	714.01	776.33
1804	4.5578	5.4305	5.4305	873.57	958.47
1805	0.0	0.0	0.0	64.1	441.29
1806	2.3507	0.0	0.0	603.06	493.56
1807	4.3212	2.78485	2.78485	834.99	535.03
1808	4.6137	4.5267	4.5267	873.53	958.48
1809	3.1919	4.8696	4.8696	107.51	878.88
1810	0.0	1.097	1.097	439.56	564.42
1811	2.9744	1.4804	1.4804	492.82	199.83
1812	3.8945	4.184	4.184	266.26	212.83
1813	3.9743	3.7891	3.7891	674.93	769.48
1814	3.5144	3.91735	3.91735	548.05	872.94
1815	2.6276	5.51405	5.51405	606.45	727.12
1816	0.0	0.0	0.0	629.98	29.02
1817	3.47845	2.6257	2.6257	662.95	550.09
1818	3.9059	3.8987	3.8987	686.84	515.16
1819	2.4233	3.5825	3.5825	955.61	691.04
1820	2.08025	2.7662	2.7662	226.09	757.53
1821	4.4594	3.0703	3.0703	639.25	535.07
1822	0.0	0.0	0.0	655.37	13.07
1823	0.0	0.0	0.0	278.98	994.27
1824	1.4886	6.0684	6.0684	153.06	880.64
1825	1.26055	0.0	0.0	187.74	75.26
1826	3.0393	3.12785	3.12785	634.01	641.47
1827	4.4101	3.4309	3.4309	735.02	619.48
1828	0.0	0.0	0.0	70.85	102.65
1829	4.5282	3.1187	3.1187	988.71	191.78
1830	4.0728	4.9591	4.9591	814.54	379.04
1831	2.98505	2.3762	2.3762	234.03	412.13
1832	1.94405	5.7857	5.7857	296.13	489.98
1833	3.8366	3.3693	3.3693	829.69	324.0
1834	2.4124	3.55985	3.55985	608.04	389.96
1835	2.92075	0.0	0.0	633.94	588.0
1836	0.0	0.0	0.0	629.94	28.81
1837	4.79775	4.0656	4.0656	969.26	419.05
1838	3.888	3.5695	3.5695	705.92	906.83
1839	3.6709	4.7717	4.7717	876.59	951.75
1840	3.6558	2.35045	2.35045	849.52	570.95
1841	4.727	2.6302	2.6302	875.27	353.24
1842	3.37625	2.8067	2.8067	518.03	646.48
1843	5.6214	3.32245	3.32245	553.5	943.12
1844	3.6335	3.9024	3.9024	716.26	864.63
1845	2.3953	0.0	0.0	369.0	234.51
1846	5.66155	4.116899999999999	4.116899999999999	831.64	755.3
1847	2.783	2.78815	2.78815	908.99	983.0
1848	4.7517	3.1175	3.1175	720.51	886.41
1849	3.7472	2.9884	2.9884	777.22	894.75
1850	3.2222	6.7618	6.7618	527.31	763.68
1851	4.7401	0.0	0.0	662.84	119.83
1852	0.0	0.0	0.0	973.03	793.87
1853	3.3323	0.8116	0.8116	525.68	574.93
1854	0.0	0.0	0.0	973.03	793.87
1855	2.97925	2.2075	2.2075	477.05	779.3
1856	2.6699	2.0791	2.0791	408.82	208.32
1857	3.5896	0.0	0.0	281.77	569.93
1858	3.9084	3.69585	3.69585	764.06	960.0
1859	0.0	0.0	0.0	286.33	473.78
1860	0.0	0.0	0.0	622.3	67.15
1861	0.0	0.0	0.0	993.28	241.01
1862	0.0	0.0	0.0	98.93	360.94
1863	6.7626	3.5869	3.5869	651.99	612.6
1864	3.7662	2.8919	2.8919	373.94	801.92
1865	2.3474	3.4528	3.4528	214.08	864.9
1866	0.4999	5.816	5.816	249.55	693.11
1867	3.7691	2.88985	2.88985	373.95	801.93
1868	3.836	5.51915	5.51915	819.01	816.87
1869	2.9388	3.8862	3.8862	327.54	877.0
1870	4.4281	4.3326	4.3326	905.53	317.54
1871	3.4783	3.00425	3.00425	681.69	743.91
1872	3.0906	4.7574	4.7574	468.28	634.21
1873	4.5726	3.6314	3.6314	558.36	125.15
1874	2.2682	3.0415	3.0415	308.08	489.0
1875	0.0	0.0	0.0	44.5	120.96
1876	4.5313	2.079	2.079	503.98	807.8
1877	1.8285	4.3433	4.3433	491.89	784.09
1878	1.5758	3.4845	3.4845	583.73	153.2
1879	2.0284	1.1148	1.1148	893.54	909.92
1880	1.8093	2.88345	2.88345	313.3	281.99
1881	3.9475	4.1818	4.1818	910.07	885.97
1882	0.0	0.0	0.0	74.38	391.88
1883	1.7897	0.0	0.0	470.69	410.1
1884	2.9076	3.1791	3.1791	477.98	956.49
1885	3.8335	5.5881	5.5881	818.99	816.64
1886	5.7096	5.7721	5.7721	583.0	776.44
1887	4.5691	3.5231000000000003	3.5231000000000003	822.65	217.83
1888	6.019	2.5066	2.5066	605.74	220.39
1889	0.0	0.0	0.0	818.91	17.39
1890	2.7497	2.1037	2.1037	497.07	266.35
1891	2.68535	2.11385	2.11385	628.03	664.92
1892	3.9194	2.5039	2.5039	216.52	735.48
1893	5.2469	1.4703	1.4703	225.89	538.63
1894	5.6175	3.4628	3.4628	697.03	869.96
1895	2.43285	1.2645	1.2645	559.93	542.67
1896	2.7871	2.1887	2.1887	188.39	398.29
1897	3.7277	3.0148	3.0148	682.49	308.87
1898	1.5365	5.8529	5.8529	468.55	634.28
1899	0.0	0.0	0.0	958.33	924.95
1900	4.7056	4.2609	4.2609	671.25	750.53
1901	3.3142	2.0906	2.0906	797.02	570.03
1902	4.29275	4.8482	4.8482	582.86	727.92
1903	4.3506	4.85445	4.85445	865.49	458.97
1904	4.1318	3.3814	3.3814	919.86	676.48
1905	0.0	0.0	0.0	959.03	1005.02
1906	4.0203	4.9414	4.9414	850.09	527.13
1907	1.4099	3.9832	3.9832	275.62	602.07
1908	3.118	3.2658	3.2658	111.58	500.95
1909	0.0	0.0	0.0	44.64	120.97
1910	4.963900000000001	4.26855	4.26855	889.98	793.95
1911	5.8298	2.0958	2.0958	215.08	567.65
1912	4.8584	6.0993	6.0993	814.95	948.13
1913	0.0	0.0	0.0	799.11	53.35
1914	3.8528	3.6974	3.6974	460.89	963.08
1915	4.28255	6.4194	6.4194	122.73	154.96
1916	0.0	0.0	0.0	818.9	17.54
1917	2.7547	3.5312	3.5312	473.98	290.39
1918	4.28255	6.4194	6.4194	122.73	154.96
1919	3.8282	2.9938	2.9938	760.04	469.31
1920	2.3512	3.8987	3.8987	502.3	391.57
1921	4.0757	3.45545	3.45545	581.09	912.73
1922	6.5408	2.9283	2.9283	254.1	588.04
1923	2.1518	4.90625	4.90625	559.97	977.24
1924	3.0008	2.3325	2.3325	360.0	667.3
1925	5.50005	5.337899999999999	5.337899999999999	826.02	720.07
1926	0.0	0.0	0.0	730.08	259.02
1927	5.4544	6.89715	6.89715	898.74	759.34
1928	3.0523	0.0	0.0	571.78	417.93
1929	3.5091	3.55	3.55	248.91	105.93
1930	3.4731	4.63565	4.63565	89.04	520.72
1931	2.16845	5.29175	5.29175	168.15	90.0
1932	3.7051	0.0	0.0	499.95	408.15
1933	3.56335	0.7722	0.7722	197.06	180.0
1934	2.00295	2.5926	2.5926	347.72	152.89
1935	3.9637	4.0334	4.0334	793.03	285.32
1936	2.434	0.5833	0.5833	444.53	868.94
1937	0.0	0.0	0.0	80.54	86.02
1938	3.89825	3.7249	3.7249	717.1	935.35
1939	5.7101	4.4401	4.4401	692.01	631.01
1940	2.5966	1.1172	1.1172	444.51	869.34
1941	4.9891	3.98475	3.98475	867.96	792.48
1942	4.39265	2.9741	2.9741	590.07	778.21
1943	4.5365	4.1240000000000006	4.1240000000000006	950.31	247.01
1944	1.5951	3.2393	3.2393	623.26	526.65
1945	1.8196	4.1634	4.1634	111.58	906.0
1946	2.2857	2.7335	2.7335	542.02	693.51
1947	0.0	0.9213	0.9213	542.76	983.17
1948	4.699	0.0	0.0	326.6	475.52
1949	0.0	0.0	0.0	137.84	1005.67
1950	0.0	0.0	0.0	526.4	1002.74
1951	2.7395	2.6439	2.6439	358.04	899.52
1952	4.0631	1.1958	1.1958	712.05	657.5
1953	0.05975	0.0	0.0	340.46	405.43
1954	2.2585	1.3844	1.3844	347.06	358.29
1955	4.7694	4.0013	4.0013	926.66	655.99
1956	3.2071	0.0	0.0	281.76	631.43
1957	4.4512	4.01805	4.01805	734.41	817.2
1958	2.5062	1.6258	1.6258	357.65	273.01
1959	0.0	0.0	0.0	922.52	88.51
1960	3.81395	4.3051	4.3051	834.64	628.03
1961	3.8897	1.8177	1.8177	791.79	227.34
1962	6.1978	2.4332	2.4332	605.54	220.15
1963	4.6982	4.692	4.692	910.03	538.99
1964	4.2482	5.0337	5.0337	632.0	335.81
1965	3.6954	4.2404	4.2404	682.69	354.18
1966	3.7559	0.0	0.0	414.08	982.45
1967	0.0	2.5135	2.5135	282.15	924.27
1968	3.8599	2.4206	2.4206	398.04	679.93
1969	5.41965	3.7333	3.7333	758.98	709.63
1970	0.0	0.0	0.0	652.95	1010.46
1971	5.1362	3.5606	3.5606	642.76	918.14
1972	3.9552	3.4697	3.4697	843.0	511.99
1973	3.3826	0.0	0.0	159.81	193.6
1974	0.0	0.0	0.0	383.79	992.16
1975	3.67245	3.0498000000000003	3.0498000000000003	111.11	566.09
1976	4.59995	2.4842000000000004	2.4842000000000004	475.85	193.65
1977	0.0	0.0	0.0	978.42	791.15
1978	2.9218	2.6478	2.6478	824.15	329.09
1979	0.0	0.0	0.0	75.97	303.96
1980	4.3854	2.3912	2.3912	565.11	266.09
1981	0.0	0.0	0.0	1003.68	277.22
1982	0.0	0.0	0.0	150.91	971.92
1983	0.0	0.0	0.0	236.05	34.01
1984	0.0	0.0	0.0	168.33	983.6
1985	0.0	0.0	0.0	415.03	1003.07
1986	5.0564	4.9879	4.9879	711.18	1003.33
1987	3.8487	2.1135	2.1135	815.49	310.99
1988	2.3529	2.5203	2.5203	419.44	274.94
1989	3.1007	5.674200000000001	5.674200000000001	583.07	581.33
1990	5.2669	3.42485	3.42485	853.47	783.83
1991	5.2669	3.42485	3.42485	853.47	783.83
1992	0.0	0.0	0.0	68.12	404.06
1993	1.96255	5.91925	5.91925	511.0	581.33
1994	4.9829	4.074	4.074	510.98	469.04
1995	0.0	0.0	0.0	75.98	303.97
1996	3.8689	4.0798	4.0798	604.34	342.13
1997	0.0	0.0	0.0	581.33	615.8
1998	1.1021	1.89915	1.89915	732.11	317.08
1999	2.4873	1.5898	1.5898	347.21	358.2
2000	1.7921	3.8686	3.8686	73.6	874.51
2001	3.2172	2.6244	2.6244	658.37	839.86
2002	3.8999	3.0049	3.0049	588.68	263.93
2003	3.9271	2.9017	2.9017	883.46	278.85
2004	0.0	2.93155	2.93155	471.58	323.33
2005	1.94645	0.0	0.0	676.27	113.14
2006	2.9599	4.7402	4.7402	685.29	324.94
2007	3.4355	0.0	0.0	133.82	572.78
2008	1.3518	2.9415	2.9415	261.0	857.5
2009	4.2143	5.3577	5.3577	602.66	661.89
2010	5.8934	1.9994	1.9994	652.58	796.0
2011	4.42705	4.3229500000000005	4.3229500000000005	842.08	202.01
2012	0.0	0.0	0.0	331.76	64.05
2013	4.77205	3.39195	3.39195	695.9	916.62
2014	4.0831	3.39335	3.39335	505.04	865.87
2015	0.0	0.0	0.0	17.55	372.01
2016	3.00735	3.3295	3.3295	122.08	773.23
2017	0.0	0.0	0.0	396.57	46.86
2018	0.0	0.0	0.0	17.75	372.01
2019	0.0	0.0	0.0	978.88	790.98
2020	0.0	0.0	0.0	17.75	372.01
2021	1.0778	4.3667	4.3667	331.52	385.0
2022	1.7167	5.55135	5.55135	300.98	653.97
2023	0.0	0.0	0.0	631.1	14.7
2024	3.5259	3.6767	3.6767	243.79	605.81
2025	2.2657	0.0	0.0	393.0	418.5
2026	5.23995	4.7418	4.7418	372.53	942.5
2027	4.0199	3.48735	3.48735	773.18	482.32
2028	0.0	0.0	0.0	709.39	28.55
2029	1.02485	3.7201	3.7201	448.06	360.54
2030	4.0291	3.1673	3.1673	207.82	269.37
2031	2.1665	0.0	0.0	418.6	384.58
2032	0.0	0.0	0.0	895.05	75.06
2033	4.1187	2.5254	2.5254	776.17	216.81
2034	4.0401	3.9682	3.9682	766.99	809.3
2035	0.0	0.0	0.0	396.69	46.79
2036	0.0	0.0	0.0	978.7	790.98
2037	0.0	0.0	0.0	999.99	142.0
2038	0.0	0.0	0.0	992.02	228.06
2039	2.99805	3.3435	3.3435	122.07	773.04
2040	2.9691	2.2628	2.2628	841.89	902.21
2041	3.4542	4.2315	4.2315	785.91	410.06
2042	0.0	4.46155	4.46155	472.06	440.94
2043	4.9632	2.8794	2.8794	829.7	474.8
2044	3.876	2.7167	2.7167	680.01	600.9
2045	3.3882	2.9218	2.9218	203.68	821.83
2046	4.6361	1.2088	1.2088	554.32	342.08
2047	0.0	0.0	0.0	979.76	35.69
2048	3.2043	0.0	0.0	384.12	113.4
2049	4.6194	0.0	0.0	343.93	527.17
2050	2.32925	5.5485	5.5485	368.29	292.03
2051	4.52055	2.37795	2.37795	866.43	195.93
2052	3.4825	4.4023	4.4023	848.7	736.72
2053	0.9189	3.6329	3.6329	661.87	644.97
2054	5.3016	3.8721	3.8721	584.24	955.57
2055	3.6292	2.8908	2.8908	635.3	331.07
2056	4.6296	4.4973	4.4973	931.68	761.17
2057	6.7675	3.4975	3.4975	668.64	381.55
2058	3.2488	0.8284	0.8284	422.09	413.48
2059	3.3263	0.0	0.0	168.7	958.88
2060	4.0206	3.49425	3.49425	584.19	955.45
2061	0.0	0.0	0.0	571.4	35.99
2062	3.4291	4.253	4.253	876.45	330.5
2063	0.0	0.0	0.0	312.4	59.74
2064	0.0	1.0924	1.0924	101.93	957.96
2065	4.9029	4.3713	4.3713	957.88	298.73
2066	0.0	0.0	0.0	814.15	925.99
2067	3.6758	0.0	0.0	138.06	250.98
2068	4.23255	6.3158	6.3158	518.83	412.14
2069	3.6528	4.79975	4.79975	278.47	233.54
2070	0.0	0.0	0.0	13.5	408.74
2071	1.9727	4.6464	4.6464	250.78	332.56
2072	4.8508	4.6232	4.6232	793.96	993.93
2073	5.5771	2.6434	2.6434	860.96	403.05
2074	0.0	0.0	0.0	657.51	51.1
2075	4.48705	1.7314	1.7314	399.67	840.88
2076	2.4407	4.0931	4.0931	945.04	761.41
2077	4.0966	3.3797	3.3797	937.93	592.67
2078	0.0	0.4054	0.4054	316.55	876.47
2079	4.48705	1.7255	1.7255	399.67	840.87
2080	5.8815	4.9356	4.9356	834.06	962.44
2081	4.3496	4.277	4.277	232.22	767.88
2082	3.9023	0.0	0.0	475.5	984.55
2083	0.0	0.0	0.0	13.63	408.76
2084	3.16615	0.0	0.0	684.32	111.55
2085	3.4792	1.43885	1.43885	562.13	460.94
2086	3.9929	2.9373	2.9373	779.41	638.14
2087	1.6723	1.611	1.611	556.34	258.04
2088	2.5673	0.0	0.0	931.9	171.72
2089	3.8433	2.78195	2.78195	309.54	534.94
2090	0.9917	1.97965	1.97965	799.04	918.61
2091	3.2084	2.2409	2.2409	207.0	431.51
2092	4.661	3.6881	3.6881	132.88	953.52
2093	3.2084	2.2409	2.2409	207.0	431.51
2094	0.0	3.6243	3.6243	155.43	142.28
2095	0.0	0.0	0.0	59.38	166.93
2096	0.0	0.0	0.0	805.06	44.76
2097	4.2457	0.0	0.0	441.51	119.19
2098	3.8498	3.2083	3.2083	772.01	933.23
2099	0.0	0.0	0.0	618.07	91.97
2100	0.0	4.6143	4.6143	281.06	513.09
2101	3.1713	0.0	0.0	684.29	111.68
2102	0.0	2.697	2.697	924.11	152.54
2103	2.5205	0.0	0.0	280.1	663.72
2104	3.5185500000000003	3.77775	3.77775	340.87	188.11
2105	3.6017	4.0401	4.0401	278.44	233.18
2106	6.4834	3.0596	3.0596	668.17	381.63
2107	3.9726	0.0	0.0	637.08	510.56
2108	0.9447	0.7965	0.7965	473.14	942.56
2109	0.0	0.0	0.0	494.03	92.11
2110	0.0	0.0	0.0	956.1	950.03
2111	5.202	5.5668	5.5668	426.79	217.89
2112	0.0	0.0	0.0	988.87	906.93
2113	4.483750000000001	3.3325500000000003	3.3325500000000003	477.16	213.47
2114	3.4089	0.0	0.0	248.03	816.68
2115	5.8432	4.14295	4.14295	347.58	779.34
2116	4.7652	4.6296	4.6296	753.31	854.67
2117	4.988	2.4351	2.4351	370.52	784.03
2118	0.0	1.655	1.655	577.19	985.83
2119	4.50985	2.0507	2.0507	359.0	127.54
2120	3.8676	3.0204500000000003	3.0204500000000003	470.43	265.97
2121	0.0	0.0	0.0	588.9	947.03
2122	4.3633500000000005	3.6726	3.6726	129.74	446.05
2123	3.1599	0.0	0.0	711.95	320.98
2124	4.5034	3.0297	3.0297	477.19	213.36
2125	3.799	4.1122	4.1122	252.07	605.35
2126	2.0631	2.9242	2.9242	743.49	356.08
2127	3.2455	0.708	0.708	732.91	595.02
2128	4.5731	0.0	0.0	471.14	226.69
2129	3.10655	0.0	0.0	684.17	111.63
2130	3.1426	2.36375	2.36375	617.71	737.97
2131	1.3503	2.1061	2.1061	327.11	665.04
2132	0.0	0.0	0.0	962.9	945.96
2133	2.7811	0.3272	0.3272	204.7	288.7
2134	1.3503	2.1061	2.1061	327.11	665.04
2135	1.8876	3.8751	3.8751	398.05	884.5
2136	7.83775	4.477	4.477	797.96	592.09
2137	3.5128500000000003	2.8912500000000003	2.8912500000000003	229.2	570.33
2138	1.8449	5.4608	5.4608	99.67	779.19
2139	3.8834	0.0	0.0	745.43	795.1
2140	0.0	0.0	0.0	597.02	512.66
2141	4.6092	3.8494	3.8494	573.52	754.49
2142	3.2393	0.0	0.0	210.91	580.21
2143	0.0	0.0	0.0	781.75	18.89
2144	4.0674	3.0718500000000004	3.0718500000000004	672.63	922.13
2145	3.8187	0.0	0.0	159.98	193.91
2146	4.38045	3.5893	3.5893	910.96	359.05
2147	4.13645	3.8274	3.8274	876.0	416.01
2148	2.0548	1.31225	1.31225	179.46	751.01
2149	1.88205	7.1113	7.1113	450.06	144.58
2150	3.67335	2.3092	2.3092	795.51	340.02
2151	1.0971	5.3599	5.3599	517.96	198.44
2152	3.27425	4.1152	4.1152	898.34	702.92
2153	5.8361	2.4699	2.4699	843.33	318.99
2154	0.0	0.0	0.0	1009.04	755.87
2155	3.3446	4.2761	4.2761	299.04	746.95
2156	3.52165	0.0	0.0	765.26	430.6
2157	4.78315	3.42125	3.42125	912.04	291.1
2158	0.0	0.0	0.0	695.9	38.01
2159	1.4388	0.0	0.0	481.61	747.95
2160	4.78315	3.42125	3.42125	912.04	291.1
2161	0.0	0.0	0.0	539.25	1008.7
2162	3.9861	0.0	0.0	628.51	376.54
2163	0.0	0.0	0.0	23.9	195.15
2164	6.082	0.0	0.0	505.08	470.02
2165	3.42955	3.2321	3.2321	630.96	927.9
2166	0.0	0.0	0.0	785.01	115.0
2167	3.1887	3.95	3.95	609.91	330.59
2168	3.2658	1.9945	1.9945	242.73	548.3
2169	0.0	0.0	0.0	635.02	92.55
2170	5.8937	2.8052	2.8052	233.67	651.77
2171	0.0	4.4016	4.4016	286.55	720.47
2172	4.8895	4.3699	4.3699	901.34	921.3
2173	0.0	0.0	0.0	53.27	685.0
2174	2.478	2.7243500000000003	2.7243500000000003	205.32	629.64
2175	4.822	3.852	3.852	771.69	643.05
2176	0.0	0.0	0.0	444.55	47.94
2177	0.0	0.0	0.0	685.06	1005.23
2178	4.62005	0.0	0.0	515.02	797.94
2179	4.88905	0.0	0.0	621.72	490.0
2180	0.0	0.0	0.0	93.83	1006.2
2181	4.98005	0.0	0.0	471.47	226.89
2182	2.4991	2.2686	2.2686	446.17	936.3
2183	4.53115	3.359	3.359	961.9	368.49
2184	5.72055	2.1929	2.1929	829.3	848.04
2185	3.1202	3.93165	3.93165	567.01	196.06
2186	4.0179	1.8246	1.8246	897.96	408.89
2187	4.3262	0.0	0.0	610.29	411.06
2188	0.0	0.0	0.0	928.12	113.56
2189	3.9838	0.0	0.0	612.01	482.49
2190	0.0	0.0	0.0	944.67	847.79
2191	0.0	0.0	0.0	724.18	107.99
2192	3.726	0.0	0.0	97.03	911.52
2193	0.0	0.0	0.0	944.83	847.67
2194	2.68385	1.2488	1.2488	487.51	768.95
2195	0.0	0.0	0.0	751.24	60.99
2196	0.0	0.0	0.0	259.58	133.12
2197	2.7999	4.1877	4.1877	299.12	699.94
2198	3.73275	3.6333	3.6333	740.98	310.01
2199	0.0	0.0	0.0	60.71	458.97
2200	4.0294	4.8899	4.8899	178.34	228.02
2201	0.0	0.0	0.0	252.33	38.96
2202	0.27925	2.538	2.538	343.85	353.64
2203	1.7608	0.0	0.0	278.75	203.12
2204	0.0	0.0	0.0	43.28	386.79
2205	0.0	5.6045	5.6045	628.26	577.28
2206	4.37445	3.0101	3.0101	222.08	121.08
2207	3.8864	3.0032	3.0032	877.92	766.9
2208	4.2886	0.0	0.0	569.98	355.16
2209	0.0	0.0	0.0	997.9	283.12
2210	2.8444000000000003	2.33345	2.33345	147.52	113.84
2211	0.0	0.0	0.0	628.2	556.04
2212	4.6433	0.0	0.0	497.46	316.48
2213	4.47965	0.0	0.0	882.99	686.99
2214	0.0	0.0	0.0	617.74	21.06
2215	0.0	0.0	0.0	612.94	122.37
2216	3.92925	3.9493	3.9493	301.44	757.26
2217	2.4842	4.072	4.072	858.56	876.42
2218	0.0	0.0	0.0	997.9	283.12
2219	4.1839	3.55	3.55	663.58	766.04
2220	4.9355	3.75595	3.75595	956.3	282.03
2221	3.3828	3.9716	3.9716	809.28	482.16
2222	1.3692	2.7842	2.7842	557.06	309.91
2223	0.0	0.0	0.0	63.26	181.99
2224	0.0	0.0	0.0	45.0	15.91
2225	4.0248	4.1484	4.1484	301.48	757.48
2226	0.0	0.0	0.0	377.71	559.69
2227	2.922	3.9259	3.9259	367.32	117.02
2228	3.5667	0.95705	0.95705	629.36	457.11
2229	0.0	0.0	0.0	967.0	544.47
2230	0.0	0.0	0.0	90.94	245.76
2231	2.5907	1.4843	1.4843	455.96	785.97
2232	3.2481	3.902	3.902	409.08	917.91
2233	0.0	0.0	0.0	940.62	30.99
2234	3.0559	0.0	0.0	444.94	908.94
2235	2.3851	0.0	0.0	161.35	578.92
2236	0.0	0.0	0.0	942.3	54.15
2237	4.4991	2.58405	2.58405	802.05	559.09
2238	4.99685	2.7207	2.7207	717.69	832.08
2239	3.2481	3.902	3.902	409.08	917.91
2240	0.0	0.0	0.0	1005.9	122.98
2241	0.0	4.4794	4.4794	253.04	796.94
2242	3.2656	3.2344	3.2344	644.27	894.2
2243	2.5814	2.4613500000000004	2.4613500000000004	304.99	218.98
2244	0.0	0.0	0.0	769.96	93.49
2245	3.4977	4.3003	4.3003	798.02	383.45
2246	2.8393	3.6078	3.6078	741.02	845.23
2247	2.6565	3.06895	3.06895	639.93	146.96
2248	4.88775	3.54195	3.54195	895.32	430.07
2249	0.0	5.1347	5.1347	499.25	649.35
2250	3.2357	4.3905	4.3905	793.4	705.24
2251	5.22395	5.69525	5.69525	763.0	457.29
2252	2.98625	2.8064	2.8064	798.0	258.11
2253	0.0	0.0	0.0	948.05	874.93
2254	3.11895	2.7324	2.7324	199.09	215.67
2255	4.124700000000001	2.6776	2.6776	796.45	505.91
2256	0.0	0.0	0.0	1005.9	122.98
2257	0.0	0.0	0.0	805.75	69.45
2258	4.368	4.438700000000001	4.438700000000001	820.26	240.07
2259	0.0	0.0	0.0	690.23	91.14
2260	0.0	0.0	0.0	72.08	170.95
2261	4.5712	3.3738	3.3738	934.25	387.88
2262	3.5602	5.794700000000001	5.794700000000001	521.98	897.27
2263	0.0	2.4397	2.4397	951.47	146.5
2264	3.6472	2.0355	2.0355	576.95	838.65
2265	0.0	0.0	0.0	344.09	268.08
2266	0.0	0.0	0.0	236.99	53.07
2267	0.0	0.0	0.0	496.25	31.02
2268	5.24455	5.72515	5.72515	763.01	457.34
2269	0.0	0.0	0.0	647.08	101.54
2270	0.0	0.45335	0.45335	245.02	912.89
2271	0.0	0.0	0.0	686.1	612.09
2272	0.0	4.6753	4.6753	701.0	651.43
2273	2.8647	4.0086	4.0086	489.84	217.97
2274	0.0	0.0	0.0	521.88	993.84
2275	0.0	0.5241	0.5241	245.02	912.9
2276	2.4345	2.6012500000000003	2.6012500000000003	335.32	499.11
2277	1.7922	4.3231	4.3231	170.99	514.24
2278	0.0	0.0	0.0	465.05	85.38
2279	3.3357	2.8195	2.8195	366.4	664.85
2280	1.20095	1.0545	1.0545	885.81	165.24
2281	0.0	0.0	0.0	921.05	34.33
2282	0.0	0.0	0.0	858.99	127.32
2283	0.0	0.0	0.0	307.52	976.0
2284	6.8093	3.7115	3.7115	933.21	303.25
2285	2.1841	0.0	0.0	95.9	599.13
2286	5.3225	0.0	0.0	672.13	600.48
2287	3.5902	3.00775	3.00775	406.1	784.01
2288	3.5765	3.3809	3.3809	820.85	1004.39
2289	0.0	0.0	0.0	696.44	470.87
2290	0.0	0.0	0.0	408.54	38.53
2291	4.0853	3.82155	3.82155	936.97	451.05
2292	4.2859	4.7443	4.7443	764.95	977.6
2293	3.0662	3.4254	3.4254	654.97	412.49
2294	2.5563	2.4282	2.4282	123.1	759.68
2295	0.0	0.0	0.0	1004.48	840.94
2296	2.4746	2.9507000000000003	2.9507000000000003	587.28	163.1
2297	4.2775	0.0	0.0	362.98	270.26
2298	4.2405	3.9768	3.9768	682.04	862.51
2299	0.0	0.0	0.0	476.88	57.9
2300	2.7142	3.7672	3.7672	570.54	673.02
2301	3.6949	0.0	0.0	198.58	812.92
2302	0.0	0.0	0.0	940.21	15.05
2303	0.0	0.0	0.0	89.59	136.27
2304	3.3622	1.62925	1.62925	520.13	731.04
2305	0.0	0.0	0.0	722.81	41.82
2306	2.3481	0.0	0.0	693.5	750.02
2307	2.79035	5.0705	5.0705	309.88	693.45
2308	4.0645	4.79865	4.79865	614.99	248.48
2309	1.9152	4.4382	4.4382	546.1	198.01
2310	3.20865	2.6553	2.6553	619.71	552.07
2311	4.4846	2.662	2.662	703.5	775.48
2312	0.0	0.0	0.0	989.06	321.97
2313	3.2723	2.4953	2.4953	365.76	140.12
2314	0.0	0.0	0.0	53.49	702.0
2315	5.412	5.9516	5.9516	787.0	962.49
2316	0.0	4.66275	4.66275	951.09	773.84
2317	3.25315	2.5139	2.5139	366.51	664.57
2318	0.0	0.0	0.0	154.8	42.94
2319	5.27785	0.73015	0.73015	786.45	325.09
2320	2.3174	4.6061	4.6061	685.5	985.81
2321	1.0099	0.0	0.0	514.03	569.02
2322	3.634	1.7561	1.7561	892.97	414.32
2323	3.2169	2.6125	2.6125	602.06	231.67
2324	0.0	0.0	0.0	979.68	967.12
2325	2.0542	5.2092	5.2092	378.86	817.08
2326	1.7369	2.6874	2.6874	788.04	770.26
2327	2.5329	5.2667	5.2667	288.34	619.74
2328	0.28455	0.0	0.0	401.01	559.02
2329	0.0	0.0	0.0	48.23	233.92
2330	6.3966	0.0	0.0	527.99	659.28
2331	1.8993	5.82515	5.82515	718.78	374.6
2332	4.700749999999999	3.5557	3.5557	687.26	950.91
2333	0.0	0.0	0.0	503.48	910.44
2334	0.0	0.0	0.0	480.54	384.12
2335	6.6334	3.2738	3.2738	454.49	962.41
2336	2.71565	0.0	0.0	422.01	675.93
2337	3.5496	7.7562	7.7562	696.21	757.3
2338	1.6725	3.0723	3.0723	237.0	903.0
2339	1.6431	2.60845	2.60845	261.96	904.9
2340	2.4046	0.0	0.0	401.37	538.06
2341	0.0	5.2877	5.2877	510.98	301.92
2342	2.8756500000000003	0.0	0.0	735.99	194.04
2343	0.0	0.0	0.0	909.74	25.8
2344	0.0	0.0	0.0	794.01	98.03
2345	5.2628	5.1106	5.1106	360.97	791.36
2346	3.3334	2.242	2.242	706.13	834.22
2347	0.59215	0.0	0.0	179.19	399.38
2348	0.0	0.0	0.0	1003.02	195.96
2349	0.0	0.8965	0.8965	69.39	868.24
2350	0.0	3.4165	3.4165	549.2	379.4
2351	0.0	0.0	0.0	198.0	65.39
2352	1.4184	2.38665	2.38665	131.08	583.03
2353	0.0	0.0	0.0	580.45	500.1
2354	0.81965	3.3778	3.3778	160.6	389.25
2355	4.5515	0.0	0.0	832.81	154.66
2356	4.1136	3.7201	3.7201	823.52	599.05
2357	2.28005	1.1629	1.1629	420.14	797.9
2358	0.0	0.0	0.0	957.36	839.0
2359	2.9645	0.0	0.0	255.23	698.32
2360	1.61055	0.0	0.0	252.08	632.01
2361	0.0	4.9768	4.9768	382.82	550.2
2362	0.0	0.0	0.0	767.08	242.18
2363	2.61585	0.0	0.0	841.07	457.67
2364	0.0	0.0	0.0	763.27	630.91
2365	4.37845	4.2848500000000005	4.2848500000000005	920.0	639.97
2366	4.4274	0.0	0.0	327.03	198.98
2367	2.36905	2.8469	2.8469	525.95	702.57
2368	3.0038	5.2696	5.2696	685.89	254.06
2369	3.26865	2.7641	2.7641	911.49	750.91
2370	2.0465	0.0	0.0	327.09	558.97
2371	2.3819	0.0	0.0	148.48	453.58
2372	3.5187	4.6121	4.6121	775.01	593.72
2373	0.0	3.7337	3.7337	325.75	551.75
2374	5.0385	4.1975	4.1975	636.0	932.97
2375	1.0919	4.4835	4.4835	382.58	314.16
2376	4.2624	0.0	0.0	255.03	698.56
2377	3.3832	2.4648	2.4648	223.83	239.61
2378	3.454	2.846	2.846	299.08	251.03
2379	3.7456	0.0	0.0	191.51	315.55
2380	3.7945	4.1702	4.1702	782.52	553.54
2381	0.7664	2.998	2.998	569.22	143.22
2382	0.0	0.0	0.0	517.56	541.0
2383	5.7992	3.7149	3.7149	923.79	352.6
2384	5.66905	0.0	0.0	483.25	289.9
2385	0.0	0.0	0.0	735.67	273.78
2386	2.8083	0.0	0.0	619.87	542.64
2387	0.0	0.0	0.0	90.23	32.24
2388	4.6691	4.6608	4.6608	904.98	459.16
2389	2.6997	0.0	0.0	493.99	178.52
2390	2.1012	2.075	2.075	309.36	521.93
2391	4.4833	2.1684	2.1684	961.79	575.97
2392	3.4337	4.9781	4.9781	565.77	850.92
2393	0.0	0.0	0.0	750.7	798.82
2394	4.357150000000001	4.4814	4.4814	877.28	820.01
2395	1.4695	0.0	0.0	294.72	708.92
2396	3.3386	0.0	0.0	428.35	915.31
2397	3.3762	5.3076	5.3076	953.97	643.89
2398	6.6574	0.0	0.0	736.0	178.55
2399	4.3207	4.0547	4.0547	898.85	686.92
2400	4.1185	3.6852	3.6852	843.44	398.06
2401	0.0	0.0	0.0	497.26	998.62
2402	2.9695	2.3819	2.3819	584.97	746.69
2403	0.0	0.0	0.0	160.12	79.74
2404	1.4013	2.4795	2.4795	149.66	649.29
2405	0.0	3.8795	3.8795	954.45	726.96
2406	3.8099	1.82465	1.82465	356.9	818.48
2407	7.1836	0.0	0.0	733.21	977.7
2408	0.0	0.0	0.0	848.93	61.94
2409	2.7404	3.8366	3.8366	183.65	663.47
2410	6.01295	4.3447	4.3447	964.07	496.96
2411	0.0	0.0	0.0	42.46	532.5
2412	0.0	0.0	0.0	53.93	74.56
2413	4.3621	2.27165	2.27165	101.92	403.07
2414	3.0006	3.0586	3.0586	120.86	697.26
2415	4.3273	3.7925	3.7925	974.92	492.98
2416	4.90895	3.7894	3.7894	558.05	817.58
2417	1.25955	0.0	0.0	475.94	887.69
2418	3.7574	6.6551	6.6551	663.94	317.64
2419	4.447	3.99335	3.99335	350.62	903.88
2420	0.0	0.0	0.0	38.39	483.5
2421	0.0	0.0	0.0	39.28	484.01
2422	3.4865	4.22305	4.22305	583.11	435.63
2423	0.0	0.0	0.0	970.14	957.53
2424	0.0	0.0	0.0	994.87	13.63
2425	0.0	0.0	0.0	39.69	720.47
2426	0.0	0.0	0.0	217.5	980.57
2427	0.0	0.0	0.0	969.21	958.19
2428	0.0	0.0	0.0	966.4	967.41
2429	4.90835	4.2068	4.2068	786.42	999.54
2430	0.0	0.0	0.0	82.64	958.74
2431	0.0	0.0	0.0	948.48	998.87
2432	0.0	0.0	0.0	1000.96	872.03
2433	0.0	0.0	0.0	47.28	181.45
2434	6.0383	3.5293	3.5293	158.05	806.11
2435	0.0	0.0	0.0	967.93	853.73
2436	4.919449999999999	6.2316	6.2316	926.95	898.45
2437	5.595	4.79215	4.79215	838.76	948.09
2438	0.0	0.0	0.0	998.97	898.03
2439	0.0	0.0	0.0	965.4	912.39
2440	5.08615	3.7573	3.7573	825.78	769.79
2441	4.8944	4.23275	4.23275	910.43	685.4
2442	4.7233	4.1611	4.1611	881.87	882.26
2443	4.787050000000001	6.7781	6.7781	930.12	794.92
2444	4.6826	3.8424	3.8424	852.79	899.13
2445	0.0	6.2139	6.2139	70.08	704.65
2446	0.0	0.0	0.0	982.32	842.67
2447	4.1772	5.3169	5.3169	249.54	416.88
2448	4.8908	4.0064	4.0064	846.97	1008.28
2449	4.10745	3.3131	3.3131	947.19	815.32
2450	3.86665	3.4419	3.4419	940.21	914.93
2451	0.0	0.0	0.0	966.33	966.21
2452	0.0	0.0	0.0	947.5	960.04
2453	5.5156	3.4036	3.4036	196.88	102.62
2454	3.4153	3.96595	3.96595	606.91	827.15
2455	0.0	0.0	0.0	40.69	229.55
2456	5.0413	3.3886	3.3886	796.45	981.59
2457	3.4805	4.50745	4.50745	371.84	950.12
2458	4.599399999999999	4.2234	4.2234	867.96	987.09
2459	0.0	0.0	0.0	431.03	1003.01
2460	3.1388	4.067	4.067	213.33	435.99
2461	4.8923	2.8575	2.8575	778.02	893.7
2462	4.5883	2.8622	2.8622	909.97	981.94
2463	0.0	0.0	0.0	970.24	682.25
2464	0.0	0.0	0.0	39.35	918.31
2465	5.0372	5.1725	5.1725	819.69	815.7
2466	4.0392	1.16685	1.16685	894.07	908.61
2467	4.576	2.9384	2.9384	575.63	656.77
2468	3.7349	3.2856	3.2856	461.86	962.35
2469	0.0	0.0	0.0	33.98	265.42
2470	5.0023	3.7856	3.7856	868.59	791.23
2471	2.7828	0.1746	0.1746	178.93	154.39
2472	0.0	0.0	0.0	837.68	70.28
2473	3.9863	0.3855	0.3855	710.04	593.95
2474	3.4531	0.0	0.0	642.16	183.67
2475	5.905	7.6727	7.6727	735.02	700.34
2476	0.0	0.0	0.0	1000.91	921.97
2477	6.207	3.9189	3.9189	677.07	673.68
2478	2.6082	0.0	0.0	635.41	401.79
2479	4.8548	6.4031	6.4031	805.72	393.96
2480	6.5598	6.19225	6.19225	619.27	502.62
2481	7.3625	1.5049	1.5049	270.46	405.21
2482	0.0	0.0	0.0	1003.18	947.8
2483	4.1167	2.974	2.974	87.86	663.98
2484	0.0	0.0	0.0	34.0	432.0
2485	0.0	0.0	0.0	997.95	699.6
2486	4.67455	3.02125	3.02125	720.01	573.57
2487	0.0	0.0	0.0	998.6	908.05
2488	3.6531	2.8577	2.8577	539.62	475.98
2489	0.0	0.0	0.0	41.18	457.71
2490	0.0	0.0	0.0	63.33	151.35
2491	0.0	0.0	0.0	44.09	965.18
2492	8.76115	6.0784	6.0784	923.51	788.25
2493	0.0	0.0	0.0	56.86	280.75
2494	0.0	0.0	0.0	47.35	521.29
2495	2.66175	0.0	0.0	905.43	135.02
2496	0.0	0.0	0.0	47.0	605.45
2497	0.0	0.0	0.0	50.36	797.19
2498	0.0	0.0	0.0	963.38	73.28
2499	3.53375	4.9673	4.9673	400.49	183.46
2500	0.0	0.0	0.0	16.22	33.89
2501	0.0	0.0	0.0	35.89	31.8
2502	3.6069	6.9292	6.9292	471.34	339.49
2503	0.0	0.0	0.0	32.92	358.92
2504	6.7891	3.8742	3.8742	197.88	102.53
2505	7.7592	5.134	5.134	813.48	940.59
2506	5.1724	0.0	0.0	360.44	979.31
2507	1.4572	0.8795	0.8795	515.38	980.95
2508	0.0	0.0	0.0	39.31	732.44
