star	x_fwhm	y_fwhm	avg_fwhm	x	y
1	3.4094	3.1805	3.1805	746.58	459.64
2	2.773	2.6486	2.6486	547.57	493.95
3	2.76135	2.7361	2.7361	462.38	523.01
4	2.6278	2.6043	2.6043	230.97	347.2
5	2.8152	2.7221	2.7221	112.45	420.52
6	2.8406	2.8419	2.8419	153.63	614.49
7	2.6145	2.6302000000000003	2.6302000000000003	957.99	389.36
8	2.6084	2.6449	2.6449	500.73	376.04
9	2.7176	2.6812	2.6812	550.72	571.94
10	2.6006	2.6662	2.6662	369.82	409.03
11	2.67155	2.7847	2.7847	580.0	819.65
12	2.79305	2.6953	2.6953	479.33	572.02
13	2.8255	2.9401	2.9401	336.75	573.45
14	2.8425	2.6914	2.6914	586.45	96.41
15	2.53245	2.5686	2.5686	366.07	362.05
16	2.73185	2.7752	2.7752	700.99	686.01
17	2.8901	2.6864	2.6864	580.56	561.08
18	2.9015	2.8261	2.8261	457.39	309.47
19	2.7057	2.7568	2.7568	83.07	774.68
20	0.0	0.0	0.0	1003.41	330.14
21	2.6721	2.8115	2.8115	342.1	460.34
22	2.7009	2.8959	2.8959	757.9	281.49
23	2.789	2.8079	2.8079	676.07	464.36
24	3.0383	2.9112	2.9112	447.49	738.34
25	2.67595	2.6997	2.6997	539.54	426.1
26	3.094	2.8748	2.8748	359.43	497.46
27	2.70785	2.9034	2.9034	860.07	632.3
28	2.8299000000000003	2.67185	2.67185	496.51	628.96
29	2.6721	2.6862	2.6862	621.56	446.08
30	2.6503	2.71995	2.71995	922.94	603.64
31	2.6642	2.7539	2.7539	453.51	390.57
32	2.6558	2.6751	2.6751	202.58	647.99
33	2.69545	2.7356	2.7356	750.18	556.76
34	2.725	2.6420000000000003	2.6420000000000003	413.63	887.82
35	2.94985	2.8315	2.8315	643.4	447.43
36	2.72215	2.64705	2.64705	257.6	476.91
37	2.7383	2.7682	2.7682	267.18	447.19
38	2.7043	2.72195	2.72195	265.17	446.23
39	2.6281	2.6844	2.6844	448.88	448.79
40	2.7733	2.74625	2.74625	813.68	680.96
41	2.6993	2.72985	2.72985	410.77	703.95
42	2.7599	2.6831	2.6831	380.34	370.0
43	2.8924	2.872	2.872	784.55	537.39
44	2.6425	2.7518	2.7518	485.09	477.3
45	2.8311	2.7488	2.7488	420.77	334.92
46	3.6599	3.5505	3.5505	438.49	422.28
47	2.7311	2.8804	2.8804	716.04	680.26
48	2.6429	2.7288	2.7288	695.95	175.75
49	2.6716	2.7038	2.7038	541.2	475.65
50	3.5091	2.7397	2.7397	321.19	254.86
51	2.81555	2.70045	2.70045	602.34	636.84
52	2.6807	2.7604	2.7604	523.07	596.28
53	2.6769	2.6825	2.6825	252.54	572.01
54	2.8754	2.6862	2.6862	155.56	402.38
55	2.6595	2.7964	2.7964	601.98	259.71
56	2.8353	2.8116	2.8116	875.04	572.38
57	2.6772	2.7098	2.7098	551.18	398.74
58	0.0	0.0	0.0	932.55	979.31
59	2.381	2.4226	2.4226	946.98	629.08
60	2.80445	3.3327	3.3327	899.38	838.8
61	2.6481	2.682	2.682	812.55	169.38
62	2.6927	2.678	2.678	874.58	913.55
63	0.0	0.0	0.0	46.09	248.02
64	0.0	0.0	0.0	399.54	966.24
65	2.65235	2.7152	2.7152	455.56	598.62
66	2.9899500000000003	3.08005	3.08005	660.95	666.49
67	1.9587	2.22395	2.22395	41.05	872.92
68	2.8609	2.71575	2.71575	601.44	308.12
69	2.66495	2.7856	2.7856	781.95	426.08
70	2.6287	2.70315	2.70315	215.52	77.1
71	2.79545	2.7634	2.7634	787.6	652.57
72	2.6533	2.8253	2.8253	228.77	627.56
73	2.6974	2.73615	2.73615	625.6	611.5
74	2.7682	2.7115	2.7115	721.31	289.1
75	2.7299	2.6734	2.6734	265.64	351.52
76	2.69245	2.6916	2.6916	457.06	500.99
77	2.7058	2.7075	2.7075	509.01	501.04
78	2.80595	2.91965	2.91965	396.06	124.32
79	2.6433	2.7003500000000003	2.7003500000000003	757.7	209.97
80	2.6986	2.9011	2.9011	858.8	616.24
81	0.0	0.0	0.0	58.8	925.03
82	2.6772	2.6026	2.6026	410.17	319.37
83	2.812	2.727	2.727	330.03	622.97
84	2.9546	3.46	3.46	99.06	657.47
85	2.4543	2.5532	2.5532	127.7	183.57
86	2.76615	2.7162	2.7162	364.82	465.2
87	2.6698	2.7528	2.7528	686.0	415.01
88	2.7431	3.4176	3.4176	854.1	601.06
89	2.686	2.7261	2.7261	427.64	148.44
90	2.843	2.8200000000000003	2.8200000000000003	402.17	180.88
91	2.7915	2.7675	2.7675	540.6	453.43
92	2.7217	2.6956	2.6956	750.52	586.06
93	2.7441	2.87695	2.87695	829.94	910.54
94	2.6839	2.8362	2.8362	698.96	307.7
95	2.7479500000000003	2.9473000000000003	2.9473000000000003	420.65	857.36
96	2.5915	2.6798	2.6798	679.68	172.19
97	2.9437	2.8463	2.8463	131.1	850.64
98	2.8414	2.762	2.762	403.44	941.5
99	2.6191	2.77145	2.77145	568.73	337.23
100	0.0	0.0	0.0	490.31	47.04
101	2.7069	2.8589	2.8589	832.91	613.54
102	2.7407	2.90975	2.90975	738.3	695.75
103	2.5676	2.6711	2.6711	786.68	181.1
104	2.77985	2.8738	2.8738	510.04	179.33
105	2.5918	2.56625	2.56625	808.47	976.57
106	4.13885	2.87075	2.87075	674.36	800.91
107	0.0	0.0	0.0	145.74	67.64
108	2.9671	2.6606500000000004	2.6606500000000004	267.29	479.99
109	2.6768	2.7539	2.7539	472.87	242.84
110	3.1361	2.6821	2.6821	676.43	569.56
111	2.5744	2.30625	2.30625	574.21	78.88
112	2.8341	2.6535	2.6535	489.05	571.67
113	2.7382	2.8145	2.8145	521.11	626.65
114	2.88125	2.7806	2.7806	652.41	157.58
115	2.7919	3.01685	3.01685	646.16	704.3
116	2.7349	2.5346	2.5346	309.35	390.0
117	2.6674	2.6865	2.6865	486.55	514.91
118	2.7635	2.959	2.959	161.64	542.02
119	2.78595	2.97095	2.97095	689.97	769.98
120	2.77475	2.6379	2.6379	403.17	363.6
121	2.7572	2.7294	2.7294	492.34	551.56
122	2.8533	2.6241	2.6241	305.64	445.95
123	2.7466	2.8506	2.8506	895.94	614.0
124	2.8462	2.88865	2.88865	581.52	705.47
125	2.5353	2.58465	2.58465	935.5	683.92
126	2.9184	2.8474500000000003	2.8474500000000003	714.03	630.99
127	0.0	0.0	0.0	961.52	591.96
128	2.9693	2.9438	2.9438	720.46	486.32
129	2.6372	2.7747	2.7747	723.84	435.22
130	2.82085	2.85485	2.85485	397.45	653.38
131	0.0	0.0	0.0	310.51	44.4
132	0.0	0.0	0.0	992.99	724.03
133	2.6752	2.4568	2.4568	943.31	577.95
134	2.7398	2.6766	2.6766	407.15	450.43
135	0.0	0.0	0.0	73.33	119.07
136	2.7764	2.6423	2.6423	105.6	862.38
137	2.8591	2.90785	2.90785	495.4	672.85
138	3.2948	5.6165	5.6165	456.43	301.43
139	0.0	0.0	0.0	18.93	839.16
140	3.1976	2.7307	2.7307	217.43	645.43
141	2.7164	2.7009	2.7009	432.5	809.94
142	2.5656	2.77735	2.77735	796.93	135.77
143	2.69175	2.6178	2.6178	913.26	550.13
144	0.0	2.0018	2.0018	46.61	647.05
145	2.8311	2.7607	2.7607	528.6	630.03
146	2.8203500000000004	3.4709	3.4709	671.97	444.9
147	2.7735	2.8569	2.8569	675.02	392.34
148	2.5785	0.0	0.0	219.84	53.11
149	3.0479	2.9827000000000004	2.9827000000000004	185.68	624.47
150	2.86715	2.77265	2.77265	234.86	492.93
151	3.054	2.9827000000000004	2.9827000000000004	185.69	624.47
152	3.3819	3.3436	3.3436	177.35	328.18
153	2.719	2.8895	2.8895	354.75	684.91
154	2.6936	2.6535	2.6535	303.62	880.92
155	2.66585	2.7172	2.7172	196.67	574.36
156	2.79455	2.7169	2.7169	438.56	825.58
157	2.8801	2.7406	2.7406	260.54	284.4
158	2.78615	2.9265	2.9265	255.74	670.56
159	2.7465	2.70335	2.70335	644.58	342.92
160	2.703	2.9804500000000003	2.9804500000000003	816.06	895.64
161	3.0798	2.7108	2.7108	260.46	284.93
162	3.0605	2.5425	2.5425	53.34	821.88
163	3.06625	2.88065	2.88065	716.73	744.92
164	2.8434	2.82185	2.82185	755.3	324.9
165	2.782	2.6624	2.6624	429.37	702.51
166	2.728	2.90205	2.90205	790.06	593.28
167	2.8342	2.9394	2.9394	457.35	253.02
168	3.2406	3.2178	3.2178	671.06	469.98
169	1.9305	2.17865	2.17865	41.04	719.92
170	2.6826	2.8048	2.8048	538.01	238.08
171	2.8211500000000003	3.0341	3.0341	773.49	918.44
172	2.9986	2.656	2.656	445.58	649.97
173	3.0419	2.906	2.906	412.46	771.92
174	3.0022	3.5909	3.5909	822.48	625.9
175	3.15605	2.8967	2.8967	214.22	88.87
176	2.7463	2.53635	2.53635	215.22	552.13
177	0.0	0.0	0.0	980.52	892.95
178	2.71155	2.8199	2.8199	586.04	359.97
179	0.0	0.0	0.0	351.69	972.48
180	2.8156	2.7921	2.7921	220.25	717.1
181	2.8454	2.8938	2.8938	432.09	891.21
182	2.7999	2.8018	2.8018	540.74	565.92
183	0.0	0.0	0.0	961.56	32.59
184	3.0567	2.7577	2.7577	298.9	733.76
185	2.8081	2.9076	2.9076	678.49	191.4
186	2.6583	2.6233	2.6233	275.53	615.56
187	2.8371	2.86585	2.86585	707.05	889.71
188	0.0	0.0	0.0	356.97	49.4
189	2.8734	2.7125	2.7125	485.05	730.66
190	2.7918	3.2494	3.2494	594.16	366.52
191	0.0	0.0	0.0	366.23	999.16
192	0.0	0.0	0.0	924.34	66.04
193	2.6429	2.845	2.845	651.05	720.65
194	2.5739	3.0692500000000003	3.0692500000000003	392.59	493.04
195	2.7016	4.14325	4.14325	231.57	634.32
196	2.73445	2.97285	2.97285	532.32	526.0
197	3.15485	2.5506	2.5506	112.35	323.98
198	2.66395	2.83595	2.83595	595.9	749.63
199	2.725	2.6592	2.6592	457.11	404.35
200	0.0	0.0	0.0	868.27	102.03
201	2.8709	2.9286	2.9286	880.97	565.92
202	3.3931	2.72465	2.72465	100.44	737.07
203	2.6766	2.6656	2.6656	582.02	446.32
204	3.1675500000000003	2.7350000000000003	2.7350000000000003	100.25	737.01
205	3.5943	2.65955	2.65955	804.95	117.51
206	0.0	0.0	0.0	234.49	23.63
207	3.68045	2.861	2.861	804.94	117.4
208	0.0	0.0	0.0	161.09	60.05
209	2.66205	3.047	3.047	704.39	736.1
210	0.0	0.0	0.0	224.27	945.04
211	2.5565	2.7282	2.7282	478.5	590.32
212	2.7266	2.77525	2.77525	703.02	270.51
213	2.7316	2.82385	2.82385	519.63	715.44
214	0.0	0.0	0.0	987.27	831.79
215	2.6974	2.7888	2.7888	879.53	431.42
216	2.7445500000000003	2.7332	2.7332	817.17	269.75
217	2.7925	3.2515	3.2515	849.59	852.49
218	0.0	1.7957	1.7957	79.12	377.45
219	2.6984	2.7817	2.7817	686.97	850.7
220	2.7418	2.7975	2.7975	517.32	230.1
221	3.25045	3.4469	3.4469	273.48	457.43
222	2.85165	2.8238000000000003	2.8238000000000003	664.92	237.74
223	2.61585	2.8813	2.8813	583.76	470.07
224	2.6183	2.6959	2.6959	427.02	431.32
225	2.8486	3.83285	3.83285	771.41	330.33
226	2.7334	2.9025	2.9025	897.94	360.64
227	2.651	2.7544	2.7544	322.74	690.93
228	2.8395	2.7219	2.7219	667.96	344.72
229	3.52445	2.7489	2.7489	277.44	101.12
230	2.97485	2.7181	2.7181	579.43	239.42
231	2.4138	2.40755	2.40755	661.55	104.71
232	2.5118	2.7579	2.7579	334.65	902.34
233	2.4458	2.3982	2.3982	825.47	105.64
234	2.509	2.7031	2.7031	334.67	902.32
235	2.75035	2.6698	2.6698	874.33	490.05
236	2.7215	2.83675	2.83675	344.74	611.36
237	2.77875	2.9514	2.9514	769.82	832.12
238	2.8404	2.7754	2.7754	444.35	301.05
239	3.2496	3.2069	3.2069	354.43	605.49
240	2.9806	3.2426500000000003	3.2426500000000003	359.49	487.97
241	2.9958	2.7721	2.7721	556.97	271.59
242	2.633	2.7462	2.7462	507.73	233.08
243	2.86145	2.6527	2.6527	467.06	488.7
244	2.58955	2.7097	2.7097	463.73	428.19
245	2.7791	2.8574	2.8574	730.32	741.83
246	3.1199	3.0452	3.0452	729.97	663.25
247	2.6112	2.8984	2.8984	324.82	509.08
248	2.6496	2.91975	2.91975	684.89	671.27
249	2.6622	2.77265	2.77265	284.06	806.48
250	2.56575	2.837	2.837	341.69	728.54
251	2.7144000000000004	2.9409	2.9409	359.58	715.7
252	2.7161	2.9019	2.9019	359.57	716.3
253	2.60335	2.6015	2.6015	941.67	514.98
254	2.73025	3.018	3.018	359.67	716.11
255	2.8185	2.8164	2.8164	807.32	632.47
256	3.4177	2.9913	2.9913	233.37	93.1
257	2.7958	2.79525	2.79525	820.02	511.9
258	2.7342	2.72075	2.72075	246.53	847.49
259	2.6697	2.9251	2.9251	276.68	734.46
260	2.7247	2.9705	2.9705	837.82	847.28
261	3.5486500000000003	2.6757	2.6757	165.59	837.3
262	2.5236	2.6472	2.6472	606.07	468.01
263	3.4063	2.7635	2.7635	239.49	785.47
264	2.03025	2.4246	2.4246	989.95	296.07
265	3.3165	4.2317	4.2317	429.22	544.84
266	2.9789	3.0904	3.0904	388.21	935.22
267	2.6927000000000003	2.6903	2.6903	481.02	712.64
268	3.2052	2.7243	2.7243	306.33	735.59
269	2.874	3.0929	3.0929	363.94	185.18
270	2.7157	2.8686	2.8686	761.97	724.98
271	2.92285	2.7049	2.7049	306.72	735.79
272	1.36215	2.1434	2.1434	70.17	480.44
273	2.4556	2.5543	2.5543	334.74	940.86
274	2.45695	2.5676	2.5676	334.75	940.8
275	0.0	0.0	0.0	347.42	34.01
276	2.92335	3.1782	3.1782	431.89	133.42
277	2.6886	3.1497	3.1497	316.13	742.67
278	0.0	0.0	0.0	22.02	177.65
279	2.6414	2.5319	2.5319	438.54	545.53
280	3.3131	4.922	4.922	399.03	186.95
281	2.8599	2.5748	2.5748	203.93	408.89
282	2.647	2.5908	2.5908	885.53	645.09
283	3.6906	2.9347	2.9347	112.49	812.48
284	2.575	2.72025	2.72025	942.94	343.5
285	4.3962	3.0095	3.0095	685.09	468.72
286	2.9044	2.8836	2.8836	895.96	850.93
287	2.511	2.7546	2.7546	911.1	154.25
288	2.5993	2.6044	2.6044	621.5	138.38
289	2.7235	2.72615	2.72615	572.04	94.08
290	2.7422	2.9089	2.9089	224.06	598.51
291	2.7433	2.7513	2.7513	860.28	827.13
292	2.7091000000000003	2.74725	2.74725	530.23	719.84
293	0.0	0.0	0.0	995.04	17.77
294	2.63225	2.5411	2.5411	297.06	393.03
295	0.0	0.0	0.0	18.18	480.73
296	3.7154	3.4283	3.4283	170.78	222.29
297	2.7094	2.8843	2.8843	855.62	564.46
298	2.8359	3.4994	3.4994	533.92	539.44
299	3.3131	5.2385	5.2385	399.03	187.45
300	2.7419	2.8129	2.8129	806.96	648.99
301	3.1567	3.07065	3.07065	414.48	663.35
302	0.0	0.0	0.0	34.84	397.54
303	2.7164	2.63335	2.63335	471.92	677.61
304	3.8386	2.64225	2.64225	595.27	441.0
305	2.4101	2.4241	2.4241	813.57	988.34
306	2.5913000000000004	2.9066	2.9066	531.06	320.68
307	3.7499	2.744	2.744	392.95	736.79
308	3.379	2.7413	2.7413	700.58	620.49
309	0.0	0.0	0.0	887.28	40.04
310	2.2606	0.0	0.0	208.59	938.86
311	4.217	3.66055	3.66055	246.37	626.44
312	0.0	0.0	0.0	946.58	816.59
313	2.6332	2.62105	2.62105	915.0	189.68
314	0.0	0.0	0.0	35.3	397.8
315	3.12365	2.52035	2.52035	870.97	127.64
316	2.61515	3.0055	3.0055	570.06	212.57
317	3.4237	3.7073	3.7073	761.98	672.97
318	2.6662	2.8042	2.8042	748.59	239.64
319	2.4552	2.6535	2.6535	277.81	843.95
320	2.7075	2.92185	2.92185	742.33	762.98
321	2.67055	3.01795	3.01795	303.24	864.23
322	3.104	3.8049	3.8049	534.75	848.95
323	3.1804	2.8023	2.8023	248.04	487.95
324	1.99435	2.2606	2.2606	939.98	711.01
325	3.029	2.8797	2.8797	340.23	229.8
326	3.0431	2.641	2.641	778.98	356.31
327	4.0797	3.0441	3.0441	205.36	846.85
328	0.0	0.0	0.0	15.51	202.43
329	2.63155	2.7684	2.7684	844.99	521.37
330	2.7932	2.7355	2.7355	422.24	709.14
331	2.7954	2.6793	2.6793	881.96	291.66
332	2.6937	2.49055	2.49055	399.27	253.92
333	3.1373	3.0376	3.0376	650.01	384.35
334	0.0	0.0	0.0	930.96	127.35
335	0.0	0.0	0.0	60.08	540.49
336	0.0	0.0	0.0	772.03	40.37
337	0.0	0.0	0.0	41.91	488.77
338	2.6133	2.6032	2.6032	661.17	149.19
339	3.1021	2.579	2.579	158.35	244.11
340	3.07845	2.6917	2.6917	88.2	576.42
341	0.0	0.0	0.0	42.11	488.75
342	2.60685	2.3895	2.3895	900.23	139.14
343	0.0	0.0	0.0	42.17	488.76
344	2.83225	3.3269	3.3269	244.54	748.34
345	2.8674	2.7882	2.7882	931.57	253.19
346	0.0	0.0	0.0	927.0	959.92
347	2.8697	2.4794	2.4794	415.77	542.05
348	2.6776	2.6106	2.6106	367.33	704.96
349	3.4307	2.7456	2.7456	665.07	626.05
350	2.4901	2.3965	2.3965	900.1	139.24
351	3.0624	2.66195	2.66195	331.48	301.62
352	2.9388	2.7723	2.7723	587.97	315.55
353	3.34685	2.6055	2.6055	394.56	612.51
354	0.0	0.0	0.0	42.09	488.96
355	2.7801	3.0951	3.0951	585.6	829.6
356	2.1215	2.9622	2.9622	643.23	566.12
357	2.8678	3.60215	3.60215	621.5	695.94
358	2.591	2.5161	2.5161	246.63	885.92
359	2.7931	2.99775	2.99775	878.81	829.13
360	3.4879	3.29585	3.29585	214.97	135.72
361	0.0	0.0	0.0	961.48	901.87
362	3.09875	3.0627	3.0627	350.48	794.53
363	3.15655	2.5091	2.5091	155.61	254.6
364	3.1092	2.8024	2.8024	133.35	388.98
365	2.5814	2.7191	2.7191	315.74	379.57
366	2.5011	3.14765	3.14765	696.59	335.67
367	2.73275	2.7708	2.7708	642.82	944.8
368	2.49905	3.00905	3.00905	616.53	857.43
369	2.9566	3.0567	3.0567	607.44	323.1
370	0.0	0.0	0.0	593.96	66.67
371	2.80635	3.0405	3.0405	213.46	893.87
372	2.91675	2.5847	2.5847	273.33	777.91
373	3.00055	2.6622000000000003	2.6622000000000003	924.39	300.86
374	0.0	0.0	0.0	966.36	521.15
375	2.7895	2.51545	2.51545	377.05	598.97
376	2.724	2.8478	2.8478	568.51	924.08
377	2.95825	2.6683	2.6683	156.24	867.28
378	4.62055	2.5848	2.5848	874.17	147.22
379	2.5117	2.5821	2.5821	365.74	453.02
380	2.7204	2.83415	2.83415	568.38	924.04
381	0.0	0.0	0.0	33.18	526.13
382	2.8474	3.09225	3.09225	740.55	911.25
383	2.7543	2.8379	2.8379	769.47	562.82
384	4.0833	4.3334	4.3334	328.6	519.94
385	2.66205	3.2369	3.2369	593.03	472.03
386	2.6414	2.6608	2.6608	873.35	260.23
387	2.7433500000000004	2.7783	2.7783	356.04	332.35
388	0.0	5.588150000000001	5.588150000000001	929.61	796.04
389	0.0	0.0	0.0	93.33	79.7
390	2.6335	2.6288	2.6288	739.53	412.88
391	2.61455	3.3232	3.3232	312.83	937.04
392	2.63845	3.3279	3.3279	385.94	649.65
393	2.7854	2.90035	2.90035	316.05	328.07
394	0.0	5.8643	5.8643	929.59	796.52
395	2.6719	2.9686	2.9686	789.1	299.69
396	3.1867	2.9418	2.9418	677.53	379.18
397	2.9758	4.3932	4.3932	455.88	104.18
398	3.2746	2.8022	2.8022	335.65	521.52
399	2.7224	3.2075	3.2075	794.09	600.33
400	2.7904	3.21	3.21	227.75	377.58
401	0.0	0.0	0.0	957.29	133.05
402	2.47895	2.7204	2.7204	473.09	832.43
403	3.0505	2.6591	2.6591	301.53	336.47
404	2.4368	3.33875	3.33875	313.43	937.38
405	0.0	0.0	0.0	38.07	559.52
406	2.4438	3.3498	3.3498	313.47	937.49
407	2.5684	2.4701500000000003	2.4701500000000003	482.61	693.62
408	0.0	0.0	0.0	877.4	73.55
409	2.71245	2.61255	2.61255	666.28	518.88
410	3.33695	2.9629	2.9629	105.55	732.96
411	3.1929	2.91195	2.91195	677.54	379.4
412	3.2542	2.94465	2.94465	105.34	733.24
413	2.284	2.33075	2.33075	797.5	90.61
414	2.6323	2.6112	2.6112	697.05	219.73
415	0.0	0.0	0.0	93.96	79.64
416	2.7879	3.22755	3.22755	207.95	858.33
417	2.13655	2.0056	2.0056	839.07	103.62
418	4.1335	2.7848	2.7848	819.18	939.56
419	0.0	0.0	0.0	47.19	36.48
420	4.7738	4.845	4.845	477.05	730.27
421	3.1255	3.3107	3.3107	459.96	170.57
422	5.058	2.8324	2.8324	819.41	939.46
423	3.4708	4.64795	4.64795	198.12	521.68
424	0.0	0.0	0.0	690.19	56.92
425	0.0	7.28895	7.28895	929.97	790.47
426	0.0	0.0	0.0	55.25	15.46
427	0.0	7.3741	7.3741	929.97	790.48
428	2.7163	3.321	3.321	833.37	799.82
429	0.0	0.0	0.0	85.49	201.89
430	2.7395500000000004	2.88645	2.88645	573.94	189.55
431	0.0	0.0	0.0	47.59	36.52
432	4.779	4.7527	4.7527	477.04	730.09
433	0.0	0.0	0.0	547.73	23.06
434	4.8356	4.9108	4.9108	476.97	730.38
435	0.0	0.0	0.0	55.55	15.61
436	2.6549	2.6174	2.6174	855.97	276.65
437	2.7945	3.216	3.216	571.98	897.49
438	2.9868	2.71435	2.71435	494.56	718.47
439	2.60725	2.9605	2.9605	831.99	182.93
440	2.9184	3.3486	3.3486	754.36	378.91
441	2.6021	2.5487	2.5487	621.21	950.14
442	5.14745	3.1381	3.1381	362.95	562.06
443	3.2504	2.7164	2.7164	605.0	737.63
444	2.5428	3.24395	3.24395	755.03	122.06
445	5.10175	3.1309	3.1309	363.06	561.95
446	2.50975	2.69275	2.69275	694.56	961.3
447	0.0	0.0	0.0	715.38	67.55
448	0.0	0.0	0.0	365.58	43.67
449	2.61045	2.99985	2.99985	232.63	722.4
450	2.79285	2.8848	2.8848	476.89	430.32
451	2.81785	2.5553	2.5553	887.6	235.55
452	3.6994	2.3707	2.3707	951.12	231.26
453	2.7286	2.8341	2.8341	392.56	629.44
454	3.6217	3.44665	3.44665	328.08	599.65
455	2.9427	2.6926	2.6926	310.78	309.23
456	3.268	2.6386	2.6386	349.43	922.6
457	5.1835	2.8014	2.8014	498.23	872.91
458	0.0	0.0	0.0	64.55	151.11
459	5.1919	3.12315	3.12315	362.82	561.92
460	3.78325	2.72515	2.72515	498.71	872.87
461	2.561	3.3268	3.3268	757.07	491.1
462	2.6681	3.37035	3.37035	847.99	252.63
463	2.809	2.79135	2.79135	936.11	199.26
464	0.0	3.14425	3.14425	926.12	899.77
465	2.76835	2.5534	2.5534	792.03	267.37
466	2.9762	3.6633	3.6633	725.0	491.68
467	2.5626	3.5258	3.5258	478.09	538.31
468	3.24435	2.54345	2.54345	171.32	702.96
469	0.0	0.0	0.0	205.37	981.96
470	3.07865	3.1530500000000004	3.1530500000000004	791.33	746.98
471	0.0	0.0	0.0	967.02	854.21
472	3.3967	2.6015	2.6015	372.32	201.06
473	0.0	0.0	0.0	42.64	458.02
474	4.3365	2.93335	2.93335	241.49	345.6
475	2.84995	2.6623	2.6623	645.01	927.67
476	2.66675	3.22905	3.22905	847.99	253.06
477	2.9802	2.7374	2.7374	187.42	670.51
478	3.5611	2.92725	2.92725	564.32	554.89
479	3.21115	4.251	4.251	417.09	555.54
480	2.7443	2.7608	2.7608	910.11	686.76
481	2.6006	3.02765	3.02765	547.04	619.99
482	2.61655	2.6957	2.6957	583.72	886.95
483	0.0	0.0	0.0	551.25	61.89
484	2.8564	3.3874500000000003	3.3874500000000003	806.48	910.92
485	2.6383	2.6144	2.6144	645.95	225.33
486	2.761	2.5661	2.5661	175.81	843.96
487	0.0	0.0	0.0	111.27	924.85
488	0.0	0.0	0.0	106.15	130.93
489	2.5469	2.5919	2.5919	430.48	674.95
490	2.9101	2.5876	2.5876	835.57	170.46
491	2.7423	3.0112	3.0112	687.0	393.93
492	0.0	0.0	0.0	358.08	40.08
493	2.81625	3.762	3.762	417.09	555.27
494	0.0	0.0	0.0	111.53	924.93
495	3.2324	2.9363	2.9363	708.7	437.1
496	2.70575	2.5923	2.5923	871.0	181.05
497	2.7904	2.795	2.795	273.03	811.94
498	2.846	2.9367	2.9367	682.17	375.28
499	2.24785	2.25135	2.25135	275.12	933.18
500	2.529	2.29925	2.29925	505.55	333.12
501	2.9958	3.2433	3.2433	694.76	726.96
502	0.0	0.0	0.0	1010.35	640.96
503	3.2702	3.73095	3.73095	869.51	700.69
504	3.2732	6.90025	6.90025	261.13	277.5
505	2.5654	2.44515	2.44515	719.2	183.26
506	2.80945	3.8382	3.8382	417.08	555.07
507	0.0	0.0	0.0	367.07	969.16
508	2.6663	2.6778	2.6778	597.99	901.48
509	3.8234	2.9722	2.9722	761.69	368.65
510	4.1243	3.5876	3.5876	222.09	221.4
511	2.71585	2.8828	2.8828	816.89	604.47
512	3.1265	3.01315	3.01315	414.56	183.63
513	0.0	0.0	0.0	366.97	969.07
514	2.6009	3.3005	3.3005	545.93	789.69
515	0.0	0.0	0.0	301.44	40.13
516	0.0	0.0	0.0	367.03	968.95
517	2.3276	4.1163	4.1163	719.95	600.45
518	2.58265	3.3918	3.3918	545.86	789.81
519	2.6385	2.3584	2.3584	433.28	514.03
520	3.03655	4.0907	4.0907	440.04	221.02
521	0.0	0.0	0.0	667.31	43.05
522	4.4415	2.6241	2.6241	760.74	525.93
523	0.0	0.0	0.0	981.54	843.64
524	5.7371	3.30805	3.30805	649.9	750.19
525	0.0	0.0	0.0	965.95	131.02
526	3.1732	2.2796	2.2796	145.56	165.1
527	2.52705	5.01315	5.01315	481.32	821.92
528	2.8426	2.678	2.678	370.01	281.3
529	2.9064	2.6879	2.6879	898.3	586.07
530	3.3596	2.6265	2.6265	265.37	70.06
531	5.8606	3.147	3.147	649.71	749.98
532	4.46595	2.8998	2.8998	591.43	598.98
533	2.9062	2.47755	2.47755	236.59	286.64
534	5.964	3.1471	3.1471	649.59	749.98
535	2.6183	4.11515	4.11515	565.87	105.51
536	0.0	0.0	0.0	935.96	43.08
537	0.0	0.0	0.0	590.56	981.35
538	4.45965	2.84235	2.84235	118.37	814.83
539	5.5691500000000005	5.4316	5.4316	199.61	163.6
540	3.3545	3.2612	3.2612	233.06	476.94
541	2.90525	2.7927	2.7927	521.99	394.05
542	0.0	0.0	0.0	921.98	133.97
543	2.7748	3.1676	3.1676	270.11	767.64
544	2.14955	2.01275	2.01275	706.53	93.59
545	3.0379500000000004	2.8311	2.8311	622.54	847.47
546	5.48645	4.7002	4.7002	199.3	163.82
547	3.5425	2.4092	2.4092	450.08	420.01
548	2.8474	3.0331	3.0331	818.27	739.05
549	2.5132000000000003	5.1904	5.1904	481.29	822.14
550	2.72	6.4421	6.4421	302.47	469.59
551	2.4714	5.3172	5.3172	481.12	822.27
552	3.3698	4.0729	4.0729	616.43	933.09
553	0.0	0.0	0.0	59.01	264.53
554	2.47075	5.45125	5.45125	481.1	822.4
555	2.6739	3.44985	3.44985	297.54	319.58
556	3.9883	2.5115	2.5115	761.44	368.44
557	0.0	0.0	0.0	964.72	913.84
558	2.3666	2.3679	2.3679	507.59	426.15
559	2.7731	2.7801	2.7801	341.08	291.04
560	2.644	3.25855	3.25855	302.44	469.48
561	0.0	0.0	0.0	285.71	12.63
562	2.8074	2.8888	2.8888	885.96	740.9
563	3.1654	3.31	3.31	189.47	698.96
564	2.7455	2.08665	2.08665	52.09	797.17
565	4.5183	3.0387	3.0387	613.72	688.01
566	2.7455	2.08665	2.08665	52.09	797.17
567	2.5887	3.3104	3.3104	733.96	546.49
568	0.0	0.0	0.0	990.94	98.13
569	2.4971	2.52795	2.52795	669.2	653.24
570	2.9084	2.3908	2.3908	227.05	455.03
571	0.0	0.0	0.0	399.1	984.39
572	2.74415	3.1671	3.1671	733.9	546.57
573	3.5871	2.7571000000000003	2.7571000000000003	759.54	333.43
574	2.8012	2.84125	2.84125	776.68	695.0
575	2.43335	2.20745	2.20745	656.31	462.0
576	5.0794	3.39115	3.39115	506.57	824.31
577	2.631	2.3882	2.3882	226.74	455.04
578	2.2931	2.61005	2.61005	304.81	474.54
579	2.55335	2.3206	2.3206	188.71	539.55
580	2.4339	2.76075	2.76075	424.56	574.48
581	2.7806	2.90405	2.90405	848.74	416.14
582	2.483	2.63525	2.63525	690.96	280.1
583	3.0797	2.7723	2.7723	783.06	597.05
584	2.85515	2.9817	2.9817	219.09	517.44
585	2.58425	2.5992	2.5992	198.28	715.14
586	2.7197	5.3204	5.3204	702.44	348.46
587	5.0759	3.29225	3.29225	506.67	824.08
588	0.0	0.0	0.0	40.19	612.42
589	3.1018	2.83365	2.83365	91.27	763.28
590	0.0	0.0	0.0	319.73	957.93
591	2.627	2.4691	2.4691	559.98	99.06
592	2.6055	2.93855	2.93855	237.64	658.01
593	3.0774	2.8091	2.8091	260.47	219.95
594	0.0	0.0	0.0	273.89	1009.99
595	0.0	0.0	0.0	971.66	731.98
596	2.7099	3.9447	3.9447	508.05	764.65
597	3.08155	2.6556	2.6556	909.5	797.33
598	2.7451	3.0433	3.0433	641.66	215.07
599	3.0324	2.745	2.745	471.82	616.69
600	3.1987	2.5038	2.5038	220.72	587.95
601	2.36075	2.2634	2.2634	960.61	316.52
602	4.2471	2.7775	2.7775	158.36	782.87
603	4.6227	2.4271	2.4271	111.79	584.93
604	2.6727	2.9284	2.9284	750.26	542.05
605	2.5169	2.5362	2.5362	304.94	474.79
606	3.23405	2.8754	2.8754	589.55	399.56
607	0.0	0.0	0.0	948.31	935.98
608	2.7983	3.28185	3.28185	609.07	135.61
609	3.43985	2.718	2.718	682.9	241.94
610	0.0	0.0	0.0	921.9	20.49
611	3.0561	3.296	3.296	137.5	420.13
612	2.75405	2.3314	2.3314	185.12	764.53
613	0.0	0.0	0.0	48.56	521.09
614	2.5452	2.4474	2.4474	372.92	69.46
615	4.6389	2.50735	2.50735	350.29	546.81
616	4.144	5.1337	5.1337	463.66	778.99
617	0.0	0.0	0.0	233.87	969.27
618	0.0	0.0	0.0	516.7	57.11
619	2.3586	2.8084	2.8084	695.99	557.08
620	2.788	2.3769	2.3769	568.0	230.34
621	2.6941	2.79525	2.79525	572.54	329.06
622	0.0	0.0	0.0	233.92	969.22
623	4.5802	2.5068	2.5068	350.22	546.63
624	3.02625	2.6137	2.6137	230.28	391.96
625	4.16385	2.66365	2.66365	350.68	546.6
626	2.83995	2.4606	2.4606	214.57	790.44
627	3.4612	2.6097	2.6097	713.27	531.72
628	3.0883	5.3424	5.3424	704.8	883.26
629	2.6702000000000004	2.76765	2.76765	488.92	661.4
630	3.522	3.2382	3.2382	342.49	864.0
631	3.0397	5.3424	5.3424	704.7	883.26
632	0.0	0.0	0.0	896.6	109.48
633	0.0	0.0	0.0	26.05	327.76
634	2.6612	2.84895	2.84895	206.66	465.01
635	3.553	3.7356	3.7356	839.46	558.9
636	2.4855	2.9576	2.9576	341.61	442.47
637	5.087	2.2575000000000003	2.2575000000000003	158.68	637.49
638	2.72235	3.1387	3.1387	636.06	294.99
639	4.799799999999999	4.2909	4.2909	589.72	126.94
640	3.1340000000000003	3.5131	3.5131	317.39	843.21
641	2.80265	2.8777	2.8777	770.66	286.9
642	3.1435000000000004	3.4591	3.4591	317.41	843.1
643	3.5163	3.32945	3.32945	202.82	469.18
644	0.0	0.0	0.0	932.67	914.47
645	3.69325	2.4576	2.4576	191.79	357.96
646	2.6464	2.5653	2.5653	486.01	115.76
647	0.0	0.0	0.0	932.4	914.47
648	3.87465	3.16305	3.16305	747.73	639.93
649	2.8059	2.2485	2.2485	495.61	348.46
650	3.1137	3.1423	3.1423	113.66	754.94
651	4.1248	3.3893	3.3893	134.24	904.37
652	2.5013	2.7767	2.7767	894.95	869.43
653	2.325	5.015750000000001	5.015750000000001	776.64	125.03
654	3.60095	2.7722	2.7722	804.92	470.66
655	0.0	0.0	0.0	17.05	701.69
656	2.7955	5.8859	5.8859	161.09	552.4
657	2.5486	3.5989	3.5989	829.55	489.89
658	0.0	0.0	0.0	17.05	701.69
659	0.0	0.0	0.0	178.09	966.51
660	0.0	0.0	0.0	973.0	884.26
661	3.22485	4.2397	4.2397	315.18	751.35
662	2.76405	0.0	0.0	741.02	83.7
663	3.2142	4.2666	4.2666	315.1	751.51
664	4.4241	4.8327	4.8327	249.53	304.56
665	2.7124	2.9803	2.9803	786.15	347.42
666	3.4691	3.9903	3.9903	314.93	751.79
667	3.21655	3.1132	3.1132	866.67	766.95
668	3.3759	2.3849	2.3849	154.24	749.36
669	3.1729	3.3579	3.3579	866.5	766.82
670	2.1513	2.5993000000000004	2.5993000000000004	639.52	631.51
671	0.0	0.0	0.0	470.92	1008.4
672	2.71915	4.3043	4.3043	872.2	905.13
673	3.13395	4.31315	4.31315	139.61	176.56
674	0.0	0.0	0.0	21.12	497.58
675	2.6421	3.9031	3.9031	463.45	536.4
676	2.38805	2.4876500000000004	2.4876500000000004	292.09	875.96
677	4.3925	2.8662	2.8662	522.99	361.98
678	3.0318	3.29	3.29	194.98	726.75
679	2.7041000000000004	4.306649999999999	4.306649999999999	872.32	905.12
680	3.06895	2.5214	2.5214	182.61	141.49
681	2.7343	2.2994	2.2994	433.3	488.1
682	2.5776	3.0336	3.0336	553.76	131.07
683	4.444649999999999	4.93145	4.93145	731.8	632.75
684	3.5144	3.3203	3.3203	271.07	415.96
685	2.3293	2.8451	2.8451	756.56	511.06
686	2.9052	2.712	2.712	134.06	797.94
687	4.9864	3.26695	3.26695	264.88	404.38
688	2.9052	2.712	2.712	134.06	797.94
689	4.0563	3.18	3.18	134.15	903.91
690	3.42085	2.498	2.498	94.27	410.63
691	4.0194	3.0587	3.0587	829.33	442.68
692	2.4739	4.0957	4.0957	540.95	755.36
693	3.8055	2.77415	2.77415	601.49	778.95
694	3.10515	2.6851	2.6851	539.04	674.5
695	3.62745	3.02445	3.02445	829.6	442.44
696	2.70215	4.73955	4.73955	501.45	830.48
697	3.4835	2.97175	2.97175	415.55	133.02
698	2.5096	2.5072	2.5072	876.48	673.5
699	2.6369	2.79875	2.79875	175.55	787.49
700	0.0	0.0	0.0	382.27	1010.02
701	2.4866	2.4281	2.4281	383.72	702.94
702	0.0	0.0	0.0	930.23	839.99
703	2.3976	2.6615	2.6615	379.46	636.52
704	3.0277	2.8226500000000003	2.8226500000000003	94.67	410.47
705	2.4889	2.5812	2.5812	732.5	938.42
706	2.8923	2.4148	2.4148	184.07	821.48
707	2.5468	2.62995	2.62995	551.0	232.09
708	3.8589	3.4424	3.4424	718.4	508.08
709	2.6641000000000004	2.5642500000000004	2.5642500000000004	275.1	828.5
710	2.6248	2.4808	2.4808	728.06	381.01
711	0.0	0.0	0.0	786.17	25.52
712	5.8678	3.1706	3.1706	592.58	428.66
713	0.0	0.0	0.0	999.95	922.47
714	3.3993	4.2818000000000005	4.2818000000000005	549.34	921.81
715	0.0	0.0	0.0	993.01	1001.64
716	5.894500000000001	3.2206	3.2206	592.53	428.78
717	2.6174	3.9889	3.9889	540.52	509.95
718	2.58795	2.6454	2.6454	879.97	184.96
719	5.2828	3.1345	3.1345	450.75	549.6
720	3.05115	2.2939	2.2939	386.53	395.12
721	2.9793	3.44915	3.44915	229.58	323.0
722	4.208	2.8486	2.8486	295.28	529.14
723	6.5477	3.0302	3.0302	113.05	848.36
724	3.27	2.731	2.731	185.21	207.26
725	4.19775	2.8486	2.8486	295.27	529.14
726	2.5542	2.9933	2.9933	338.46	757.56
727	2.6066	3.1661	3.1661	627.35	759.88
728	2.9191000000000003	2.5604	2.5604	863.97	511.64
729	2.7917	2.1025	2.1025	67.17	696.23
730	4.0434	2.92195	2.92195	592.28	428.75
731	0.0	0.0	0.0	1003.39	720.45
732	2.6296	2.626	2.626	796.45	555.32
733	3.9149	4.1867	4.1867	233.96	604.51
734	3.6676	2.6228	2.6228	358.33	847.96
735	3.4001	2.9101	2.9101	450.49	549.5
736	3.1502	2.80145	2.80145	787.01	486.98
737	2.83055	3.1003	3.1003	519.0	404.98
738	0.0	0.0	0.0	72.58	59.06
739	3.252	2.6122	2.6122	282.03	60.61
740	4.0834	2.92155	2.92155	592.16	428.66
741	4.125500000000001	3.2723	3.2723	429.47	617.98
742	3.38315	3.03	3.03	639.59	391.15
743	2.4809	2.49085	2.49085	796.27	555.09
744	2.9978	3.3438	3.3438	596.57	872.58
745	0.0	0.0	0.0	700.03	19.02
746	2.4496	2.5689	2.5689	740.75	381.12
747	3.10285	3.20435	3.20435	142.45	781.95
748	2.449	2.225	2.225	396.08	267.07
749	2.8108	3.2801	3.2801	258.69	434.47
750	6.56545	2.97125	2.97125	113.0	848.42
751	2.532	3.0464	3.0464	797.94	817.23
752	3.0289	3.3355	3.3355	596.78	872.79
753	3.62155	3.5331	3.5331	550.81	897.22
754	2.46585	2.8056	2.8056	867.32	424.06
755	3.5141	2.6772	2.6772	539.05	842.67
756	0.0	0.0	0.0	942.04	82.37
757	0.0	0.0	0.0	24.47	22.57
758	0.0	0.0	0.0	942.04	82.37
759	2.86005	3.2829	3.2829	549.22	921.02
760	2.9929	3.70065	3.70065	142.81	781.95
761	3.46495	2.72565	2.72565	538.97	842.78
762	2.28405	2.96455	2.96455	872.01	135.97
763	2.182	2.94855	2.94855	587.92	718.8
764	2.74845	2.39665	2.39665	870.98	592.04
765	3.65645	3.7413	3.7413	550.98	897.45
766	2.4376	2.78055	2.78055	582.31	692.0
767	2.6297	2.7225	2.7225	924.73	522.85
768	2.9703	2.349	2.349	541.07	528.5
769	3.41355	4.4513	4.4513	215.43	194.87
770	3.3682	2.3387	2.3387	79.44	612.85
771	0.0	0.0	0.0	362.34	20.03
772	3.0421	1.7264	1.7264	94.84	305.23
773	2.78005	2.8237	2.8237	897.26	541.11
774	3.40635	2.4339	2.4339	490.99	612.25
775	2.2792	2.837	2.837	573.13	788.27
776	2.60335	2.8777	2.8777	482.16	679.72
777	5.9472	3.1318	3.1318	199.97	506.51
778	3.1187	4.93145	4.93145	43.12	823.23
779	2.4731	2.8322	2.8322	643.33	202.87
780	0.0	0.0	0.0	183.08	994.91
781	3.1914	2.78895	2.78895	207.22	899.14
782	3.29955	2.5253500000000004	2.5253500000000004	308.06	233.36
783	0.0	0.0	0.0	16.09	856.35
784	0.0	0.0	0.0	992.09	76.27
785	0.0	0.0	0.0	146.64	79.1
786	2.8539	2.225	2.225	217.09	924.64
787	2.35105	2.85805	2.85805	643.09	202.99
788	3.32305	2.329	2.329	99.63	469.64
789	2.996	3.2201	3.2201	765.65	372.99
790	4.79055	3.26265	3.26265	596.5	768.35
791	2.199	2.1839	2.1839	512.45	700.46
792	2.61245	2.8442	2.8442	760.95	824.54
793	2.8897500000000003	2.6654	2.6654	381.07	130.36
794	2.5077	3.7138	3.7138	497.01	854.61
795	3.02945	2.2405	2.2405	746.02	124.73
796	2.327	4.45575	4.45575	633.86	971.75
797	2.5246	2.7839	2.7839	905.51	342.21
798	2.82855	2.4244	2.4244	349.08	176.54
799	0.0	0.0	0.0	998.01	898.63
800	7.3312	4.0839	4.0839	715.45	584.13
801	3.161	3.2651	3.2651	345.63	257.2
802	2.3075	3.1247	3.1247	439.5	692.51
803	2.46915	2.5962	2.5962	682.54	683.03
804	2.27035	4.63715	4.63715	437.27	475.89
805	3.63265	2.815	2.815	158.58	457.91
806	2.9624	2.3754	2.3754	458.59	615.9
807	3.3426	3.8677	3.8677	267.39	572.33
808	0.0	0.0	0.0	179.69	41.56
809	0.0	0.0	0.0	369.15	992.23
810	2.97815	3.9562	3.9562	267.25	572.47
811	3.03995	5.4115	5.4115	804.35	390.03
812	2.5236	1.6559	1.6559	140.59	502.96
813	3.0002500000000003	2.5112	2.5112	763.47	310.6
814	2.9392	3.2067	3.2067	837.95	949.36
815	0.0	0.0	0.0	63.39	353.99
816	3.3141	3.6029	3.6029	148.87	213.75
817	0.0	0.0	0.0	617.84	52.39
818	2.7666000000000004	2.7628	2.7628	596.23	736.13
819	4.4229	2.7406	2.7406	617.02	623.92
820	5.87555	3.4597	3.4597	715.74	584.15
821	0.0	0.0	0.0	769.98	16.36
822	0.0	0.0	0.0	84.13	15.71
823	0.0	0.0	0.0	391.24	53.61
824	4.0286	2.2517	2.2517	244.53	185.17
825	2.6947	2.4105	2.4105	700.9	234.46
826	4.3863	3.0019	3.0019	127.59	603.98
827	3.8428	3.94485	3.94485	271.54	159.07
828	2.9024	2.1464	2.1464	400.57	404.07
829	3.495	2.6845	2.6845	249.39	650.77
830	3.6394	3.3332	3.3332	565.49	615.88
831	6.19215	4.3338	4.3338	401.52	610.88
832	2.9364	2.7007	2.7007	339.09	641.32
833	3.6239	2.67455	2.67455	395.49	904.53
834	4.3863	3.0019	3.0019	127.59	603.98
835	2.63275	2.66435	2.66435	795.5	691.51
836	3.1164	2.5624	2.5624	330.44	395.45
837	4.9555	3.1374	3.1374	205.08	126.33
838	2.4595	2.2460500000000003	2.2460500000000003	662.06	279.72
839	2.6485	2.74025	2.74025	899.68	797.97
840	4.6626	5.815049999999999	5.815049999999999	231.7	696.66
841	2.2346	2.5936	2.5936	736.32	242.97
842	3.2129	4.7528	4.7528	673.53	809.55
843	2.9609	2.7551	2.7551	206.99	899.27
844	3.5846	2.69615	2.69615	249.5	650.82
845	3.7441	2.8258	2.8258	825.4	770.88
846	3.0911	3.2962	3.2962	836.1	876.76
847	3.2607	2.76315	2.76315	754.03	616.29
848	2.7369	2.816	2.816	746.4	153.24
849	3.0909	3.1476	3.1476	836.11	876.64
850	2.9144	3.1859	3.1859	505.55	564.96
851	2.1656000000000004	4.9877	4.9877	460.98	861.25
852	2.6702	3.25085	3.25085	566.85	204.77
853	3.0899	3.1482	3.1482	836.03	876.65
854	2.6627	3.252	3.252	566.84	204.88
855	2.46375	2.69015	2.69015	812.59	254.18
856	0.0	0.0	0.0	84.21	15.83
857	2.6736500000000003	2.6635	2.6635	812.91	254.33
858	3.9014	2.3327	2.3327	194.59	153.63
859	2.32965	4.74195	4.74195	437.37	476.03
860	3.2607	2.63075	2.63075	754.03	616.09
861	2.32965	4.74195	4.74195	437.37	476.03
862	0.0	0.0	0.0	151.89	952.94
863	2.5441000000000003	3.91245	3.91245	545.51	716.93
864	0.0	0.0	0.0	951.82	77.65
865	3.44635	4.4281	4.4281	231.46	696.91
866	4.7878	3.8078	3.8078	401.6	610.84
867	3.0827	5.6811	5.6811	804.41	389.6
868	2.7459	2.537	2.537	882.19	778.82
869	5.864599999999999	2.58015	2.58015	201.23	310.66
870	4.777	4.48875	4.48875	561.17	569.46
871	3.79915	3.0855	3.0855	156.59	516.92
872	2.6088	4.8555	4.8555	369.69	859.98
873	2.8138	2.3894	2.3894	923.97	747.27
874	3.06615	5.757	5.757	804.38	389.51
875	0.0	0.0	0.0	1000.05	513.32
876	4.43375	2.2931	2.2931	178.8	166.17
877	2.9332	1.56205	1.56205	493.4	251.2
878	5.0767	3.47045	3.47045	573.04	908.65
879	2.9032	4.732	4.732	619.56	702.55
880	2.6367000000000003	4.994	4.994	313.06	105.47
881	2.8671	2.38065	2.38065	374.05	229.96
882	3.3468	3.209	3.209	711.67	196.06
883	2.8085	2.8026	2.8026	746.48	153.44
884	3.6365	2.9361	2.9361	113.11	288.7
885	2.5266	4.2319	4.2319	275.58	554.41
886	1.6176499999999998	3.6736	3.6736	712.95	422.03
887	0.0	0.0	0.0	615.1	35.35
888	2.7218	2.64015	2.64015	350.5	769.48
889	2.72985	5.7157	5.7157	474.92	657.91
890	5.3153	2.55445	2.55445	356.76	405.92
891	4.0309	4.425	4.425	315.07	836.95
892	6.1844	2.36835	2.36835	219.48	695.0
893	2.52835	4.3271	4.3271	312.98	105.37
894	3.5017	2.5801	2.5801	827.22	836.09
895	0.0	0.0	0.0	43.44	496.21
896	3.3846	2.6844	2.6844	542.3	401.92
897	2.7777	2.21925	2.21925	712.53	558.56
898	2.8804	2.5937	2.5937	320.1	579.79
899	0.0	0.0	0.0	38.33	49.15
900	4.1151	2.2328	2.2328	271.79	119.07
901	2.17285	2.51805	2.51805	605.06	615.29
902	4.3063	2.7104	2.7104	276.57	324.94
903	2.6959	4.3271	4.3271	313.07	105.37
904	2.3949	3.2554	3.2554	605.04	273.47
905	2.6377	2.6907	2.6907	609.68	204.01
906	0.0	0.0	0.0	152.0	952.41
907	2.6616	4.2042	4.2042	184.71	888.99
908	4.1454	3.8382	3.8382	286.16	697.59
909	4.32325	2.51255	2.51255	121.52	615.5
910	2.52115	2.4323	2.4323	715.99	244.96
911	3.86145	2.0777	2.0777	219.6	695.01
912	2.15875	1.92315	1.92315	745.06	167.06
913	0.0	0.0	0.0	600.85	1001.78
914	0.0	0.0	0.0	43.49	496.41
915	4.2331	4.4942	4.4942	288.23	530.46
916	0.0	0.0	0.0	851.57	46.18
917	0.0	0.0	0.0	369.54	991.74
918	3.7733	1.8195	1.8195	219.84	695.0
919	0.0	0.0	0.0	599.67	53.03
920	2.6791	2.6263	2.6263	74.85	526.64
921	2.88655	4.9316	4.9316	415.78	84.41
922	4.18945	2.3255	2.3255	817.63	393.67
923	3.3605	3.9534	3.9534	308.54	542.86
924	2.3419	2.1409	2.1409	702.2	258.21
925	2.8804	2.6324	2.6324	320.1	579.98
926	4.2226	2.3831	2.3831	817.73	393.7
927	2.6119	2.0775	2.0775	521.57	332.13
928	3.14805	0.7269	0.7269	144.67	138.12
929	3.04505	3.9234	3.9234	345.09	216.68
930	2.77075	5.6413	5.6413	126.25	598.06
931	5.9282	2.58715	2.58715	201.0	310.58
932	0.0	0.0	0.0	369.55	991.54
933	2.2407	1.9282	1.9282	316.58	410.09
934	2.05025	1.723	1.723	713.71	472.02
935	3.8477	5.0042	5.0042	286.41	697.02
936	5.9282	2.5815	2.5815	201.0	310.68
937	2.62505	2.6146000000000003	2.6146000000000003	462.63	753.5
938	2.4199	2.1921	2.1921	323.95	415.58
939	3.91555	4.17295	4.17295	918.28	697.03
940	2.7011	2.7661	2.7661	489.74	155.14
941	2.4738	2.2798	2.2798	324.0	415.49
942	1.18595	4.376	4.376	492.62	794.43
943	2.75825	2.1078	2.1078	420.29	239.98
944	2.2334500000000004	2.17035	2.17035	506.33	781.99
945	3.0049	2.05305	2.05305	616.53	559.63
946	0.0	0.0	0.0	33.77	164.97
947	3.6214	2.6393	2.6393	859.3	649.02
948	2.9749	3.4277	3.4277	239.1	456.56
949	2.9539	5.0654	5.0654	415.98	84.84
950	4.21815	1.66995	1.66995	184.04	778.27
951	3.2874	2.8471	2.8471	236.17	464.77
952	2.46545	0.0	0.0	390.27	65.76
953	2.38145	2.7054	2.7054	308.6	814.92
954	3.1734	3.3677	3.3677	762.5	449.85
955	3.81395	3.6416	3.6416	232.07	383.97
956	2.57235	6.5232	6.5232	397.95	303.19
957	0.0	0.0	0.0	41.16	579.67
958	2.6602	3.8061	3.8061	553.6	654.04
959	0.0	0.0	0.0	41.12	579.91
960	6.6486	1.7994	1.7994	661.19	612.2
961	2.6018	3.8552	3.8552	755.02	390.31
962	3.323	2.1881	2.1881	123.25	807.09
963	2.6516	3.2497	3.2497	422.01	780.93
964	3.9052	3.2292	3.2292	317.32	242.91
965	4.196400000000001	2.23885	2.23885	487.04	344.91
966	0.0	0.0	0.0	949.68	858.99
967	3.2534	2.5604	2.5604	643.34	482.06
968	3.1327	2.7706	2.7706	895.47	378.98
969	3.1691	3.0281	3.0281	742.52	923.49
970	3.1762	3.048	3.048	115.46	477.17
971	3.1675	2.7909	2.7909	694.51	265.06
972	2.45665	2.9216	2.9216	359.03	579.97
973	5.5393	5.47665	5.47665	725.65	629.71
974	0.0	0.0	0.0	945.99	779.0
975	2.01825	1.8985	1.8985	376.04	575.0
976	7.7962	3.0824	3.0824	201.15	102.03
977	2.96265	5.69455	5.69455	126.38	597.97
978	3.4573	1.6394	1.6394	102.56	444.45
979	5.4843	0.63635	0.63635	321.51	490.56
980	3.6974	2.2806	2.2806	224.55	428.98
981	2.8707000000000003	2.9128	2.9128	613.24	874.81
982	3.4573	1.6394	1.6394	102.56	444.45
983	3.1997	2.194	2.194	385.3	474.79
984	0.0	0.0	0.0	566.22	26.08
985	6.834849999999999	2.9494	2.9494	430.57	348.49
986	4.5809	4.2308	4.2308	266.95	825.52
987	6.834849999999999	2.9494	2.9494	430.57	348.49
988	2.21585	3.9358	3.9358	539.67	952.89
989	4.1033	3.6472	3.6472	232.27	383.96
990	4.034	6.517	6.517	141.92	335.29
991	6.834849999999999	2.9494	2.9494	430.57	348.49
992	4.578	4.1777	4.1777	266.94	825.54
993	2.6456	5.676	5.676	126.16	598.0
994	2.64455	2.5784	2.5784	615.53	900.54
995	3.7094	3.0686	3.0686	563.26	804.23
996	2.6919	2.5828	2.5828	615.53	900.55
997	2.78745	4.5011	4.5011	622.82	169.42
998	2.35275	3.9077	3.9077	513.72	244.01
999	3.66595	2.6758	2.6758	476.06	902.89
1000	2.0547	5.81675	5.81675	394.12	790.52
1001	0.0	0.0	0.0	1000.04	872.61
1002	0.0	0.0	0.0	144.07	986.95
1003	0.0	0.0	0.0	24.73	999.94
1004	3.1043	2.89215	2.89215	215.77	412.03
1005	2.6761	2.4442500000000003	2.4442500000000003	931.27	372.03
1006	2.68805	3.9174	3.9174	554.05	654.4
1007	2.4493	2.4769	2.4769	700.61	244.4
1008	0.0	0.0	0.0	28.4	558.94
1009	1.81805	3.3682	3.3682	84.23	870.43
1010	2.7354	2.6613	2.6613	557.49	526.11
1011	0.0	0.0	0.0	28.31	558.98
1012	3.4565	2.67175	2.67175	234.32	159.9
1013	0.0	0.0	0.0	25.25	913.28
1014	2.3382	1.7352	1.7352	660.79	423.49
1015	0.0	0.0	0.0	703.01	1005.31
1016	5.3514	3.55855	3.55855	318.32	646.66
1017	0.0	0.0	0.0	111.12	71.73
1018	2.833	6.17375	6.17375	475.04	658.29
1019	3.287	2.8006	2.8006	563.68	804.06
1020	3.4166	2.9086	2.9086	414.11	415.7
1021	2.833	6.17375	6.17375	475.04	658.29
1022	0.0	0.0	0.0	31.92	116.22
1023	3.32945	2.7743	2.7743	563.78	804.13
1024	1.9713	3.49895	3.49895	394.15	790.62
1025	0.0	0.0	0.0	994.23	391.74
1026	5.32845	4.7473	4.7473	318.48	646.81
1027	0.0	0.0	0.0	25.53	913.1
1028	6.1156	1.1337000000000002	1.1337000000000002	613.89	504.32
1029	2.3203	1.6644	1.6644	591.28	457.74
1030	6.0781	1.1326	1.1326	613.94	504.5
1031	2.1762	2.7933	2.7933	852.0	900.42
1032	5.32315	5.94135	5.94135	734.57	301.45
1033	2.4598	2.054	2.054	254.94	925.22
1034	2.72555	2.3093	2.3093	668.83	311.59
1035	2.23395	2.3189	2.3189	450.69	864.48
1036	2.44575	2.5999	2.5999	464.98	137.03
1037	2.9045	3.1925	3.1925	345.05	196.35
1038	0.0	0.0	0.0	326.9	993.74
1039	3.6315	2.77335	2.77335	574.19	921.0
1040	4.756399999999999	4.40485	4.40485	734.45	301.5
1041	0.0	0.0	0.0	326.9	993.74
1042	3.438	2.8848000000000003	2.8848000000000003	171.58	434.06
1043	2.11825	2.83595	2.83595	881.07	883.61
1044	2.4391	2.3348	2.3348	510.76	604.99
1045	2.2245	2.49295	2.49295	357.05	306.39
1046	2.4391	2.3348	2.3348	510.76	604.99
1047	5.2028	1.89295	1.89295	456.52	551.5
1048	3.23815	3.2177	3.2177	559.08	940.9
1049	0.0	0.0	0.0	58.31	280.88
1050	4.6008	4.25925	4.25925	428.11	530.85
1051	2.38585	2.8586	2.8586	364.35	749.0
1052	6.87	4.31025	4.31025	277.16	155.13
1053	3.3367	2.645	2.645	821.3	348.78
1054	3.4197	5.6781	5.6781	628.51	411.01
1055	3.8727	2.6092	2.6092	293.09	673.91
1056	4.0267	1.80775	1.80775	220.04	695.02
1057	0.0	0.0	0.0	232.16	983.06
1058	5.0818	3.8889	3.8889	255.53	156.84
1059	3.6567	3.2278	3.2278	319.34	628.9
1060	4.43435	3.6714	3.6714	317.13	305.99
1061	3.1134	2.0266	2.0266	340.31	62.05
1062	0.0	0.0	0.0	951.76	713.17
1063	3.9645	3.36715	3.36715	197.12	277.07
1064	2.50475	1.8861	1.8861	770.95	982.9
1065	2.3633	2.5798	2.5798	908.01	761.26
1066	2.55505	2.29475	2.29475	668.68	311.93
1067	3.4525	5.2291	5.2291	628.72	410.99
1068	2.0111	2.8243	2.8243	736.52	653.9
1069	2.08305	4.22705	4.22705	634.65	818.92
1070	0.0	0.0	0.0	185.95	64.99
1071	3.26535	2.7326	2.7326	661.96	200.01
1072	1.77	1.4798	1.4798	660.61	423.81
1073	1.99435	2.3609	2.3609	495.08	657.25
1074	3.6831	2.74255	2.74255	574.28	920.92
1075	2.2533	2.3609	2.3609	845.24	918.8
1076	3.5269500000000003	7.1457	7.1457	542.97	358.5
1077	0.0	0.0	0.0	16.39	902.76
1078	1.6325	1.34575	1.34575	660.52	423.62
1079	2.99915	2.2421	2.2421	81.04	892.64
1080	3.77605	4.3323	4.3323	272.04	225.36
1081	1.7525	0.0	0.0	861.67	108.86
1082	5.1227	2.2055	2.2055	690.53	428.09
1083	6.4062	4.1794	4.1794	255.86	156.68
1084	4.4829	3.0702	3.0702	710.73	506.81
1085	3.0207	3.0123	3.0123	749.95	716.93
1086	5.9846	1.8121	1.8121	481.53	758.34
1087	0.0	0.0	0.0	469.54	23.81
1088	6.0791	1.45795	1.45795	481.46	758.11
1089	2.3127	3.0741500000000004	3.0741500000000004	559.51	940.42
1090	2.9541500000000003	3.3336	3.3336	803.87	191.45
1091	3.3351	3.4995000000000003	3.4995000000000003	337.82	747.83
1092	2.46915	2.9721	2.9721	216.21	528.81
1093	6.3803	4.1718	4.1718	255.93	156.56
1094	2.14895	3.6145	3.6145	251.6	686.71
1095	5.55775	2.50825	2.50825	460.04	572.71
1096	1.89285	3.8752	3.8752	251.61	686.47
1097	2.95395	2.6053	2.6053	658.5	712.84
1098	2.7734	2.8625	2.8625	681.97	401.36
1099	5.55775	2.7018	2.7018	460.04	572.93
1100	3.0311	2.718	2.718	826.71	539.12
1101	0.0	0.0	0.0	586.97	999.94
1102	0.0	0.0	0.0	16.3	902.58
1103	1.4861	0.0	0.0	655.74	563.98
1104	4.083349999999999	2.6157000000000004	2.6157000000000004	114.82	224.28
1105	0.0	0.0	0.0	37.03	288.97
1106	3.28005	3.3355	3.3355	288.5	361.89
1107	3.5380000000000003	6.9901	6.9901	542.97	358.39
1108	2.9479	2.7827	2.7827	172.49	318.44
1109	5.90205	1.68945	1.68945	481.3	758.35
1110	0.0	0.0	0.0	980.1	146.65
1111	3.1969	2.2107	2.2107	596.3	530.11
1112	2.7308	2.3526	2.3526	911.31	475.11
1113	1.749	3.6536	3.6536	447.54	471.11
1114	4.7234	4.9217	4.9217	725.19	629.76
1115	3.91005	2.8578	2.8578	347.07	436.46
1116	2.8437	3.017	3.017	711.51	714.97
1117	4.7674	4.3241	4.3241	544.74	594.91
1118	3.66155	3.039	3.039	103.3	491.62
1119	3.20865	2.1198	2.1198	407.34	758.97
1120	2.3607	3.1593	3.1593	154.99	849.97
1121	4.5013	3.5002	3.5002	151.18	596.52
1122	2.76715	3.291	3.291	374.01	148.64
1123	2.3691	2.7268	2.7268	553.59	470.33
1124	0.0	0.0	0.0	980.19	146.81
1125	3.3512500000000003	2.74035	2.74035	880.93	386.05
1126	0.0	0.0	0.0	949.65	134.95
1127	2.79555	2.6598	2.6598	715.35	797.06
1128	3.4935	2.6116	2.6116	574.47	113.49
1129	4.8948	3.35765	3.35765	902.72	226.3
1130	3.39685	4.017	4.017	141.01	156.33
1131	2.36185	3.1587	3.1587	491.06	598.98
1132	2.4887	2.4823	2.4823	837.83	477.63
1133	2.0425	2.74965	2.74965	720.59	269.41
1134	2.0662000000000003	4.2612	4.2612	747.14	747.9
1135	0.0	0.0	0.0	698.18	65.84
1136	0.0	0.0	0.0	31.22	737.45
1137	3.73105	2.7292	2.7292	196.27	586.14
1138	2.06845	0.8586	0.8586	415.83	519.21
1139	0.0	0.0	0.0	1002.93	896.38
1140	2.9957	4.4375	4.4375	832.55	397.19
1141	3.20815	3.7861	3.7861	403.83	489.22
1142	2.64015	2.75715	2.75715	554.46	585.53
1143	3.27515	0.0	0.0	158.07	728.66
1144	4.0274	2.8022	2.8022	639.03	138.07
1145	2.88745	4.8308	4.8308	415.04	105.59
1146	2.00325	1.8974	1.8974	167.12	497.63
1147	2.91835	2.2919	2.2919	894.98	303.09
1148	2.9238	2.7087	2.7087	789.0	694.05
1149	3.331	2.4866	2.4866	190.88	508.73
1150	2.9917	3.06365	3.06365	407.17	867.25
1151	2.9238	2.704	2.704	789.0	694.04
1152	1.6719499999999998	1.6863	1.6863	592.0	517.94
1153	2.3817	2.43795	2.43795	529.6	952.41
1154	2.6383	2.9787	2.9787	652.01	820.93
1155	3.1091	2.55595	2.55595	834.48	738.53
1156	2.28415	4.3895	4.3895	838.85	872.18
1157	1.9077	2.7528	2.7528	303.11	644.05
1158	3.1317500000000003	2.4366	2.4366	960.18	442.93
1159	3.033	3.7435	3.7435	245.89	645.76
1160	0.0	0.0	0.0	302.28	959.1
1161	4.03425	3.0976	3.0976	865.9	325.49
1162	1.9008	2.202	2.202	326.52	916.9
1163	2.6792	4.0496	4.0496	448.75	151.07
1164	2.57825	3.1825	3.1825	318.11	74.37
1165	1.81	4.674950000000001	4.674950000000001	163.96	603.43
1166	2.6792	4.0496	4.0496	448.75	151.07
1167	4.8935	6.028650000000001	6.028650000000001	709.74	447.01
1168	3.8915	3.0041	3.0041	574.99	938.03
1169	4.005649999999999	4.4883	4.4883	278.56	608.13
1170	2.8413	3.468	3.468	832.46	397.14
1171	4.189	4.24925	4.24925	135.2	785.6
1172	3.7708	2.4691	2.4691	194.56	198.56
1173	3.969	3.3319	3.3319	554.04	514.68
1174	2.88995	3.74045	3.74045	245.78	645.78
1175	2.9015	3.56215	3.56215	784.97	879.95
1176	2.52285	2.37745	2.37745	90.02	797.02
1177	4.097099999999999	4.2005	4.2005	135.06	785.65
1178	0.0	0.0	0.0	946.84	104.52
1179	2.5346	3.94595	3.94595	853.25	859.12
1180	3.5219	2.5098000000000003	2.5098000000000003	162.37	292.16
1181	4.097099999999999	4.2124	4.2124	135.06	785.64
1182	2.0678	2.314	2.314	633.88	562.19
1183	4.776350000000001	6.028650000000001	6.028650000000001	709.93	447.01
1184	2.3247	2.866	2.866	553.46	470.46
1185	5.4304	5.42375	5.42375	280.95	316.79
1186	0.0	0.0	0.0	1001.86	461.44
1187	4.055	3.1759	3.1759	865.94	325.19
1188	2.693	3.32485	3.32485	373.99	148.98
1189	0.0	0.0	0.0	49.37	367.57
1190	3.05655	2.6458500000000003	2.6458500000000003	414.04	161.04
1191	2.8175	2.7348	2.7348	264.06	749.44
1192	2.9071	2.8211	2.8211	660.59	189.12
1193	7.109	2.7969	2.7969	739.31	300.09
1194	3.8958	2.1331	2.1331	519.05	930.91
1195	2.4064	2.9792	2.9792	271.88	892.33
1196	0.0	0.0	0.0	769.91	77.46
1197	3.4191000000000003	2.7398	2.7398	147.63	561.26
1198	0.0	0.0	0.0	1001.81	461.16
1199	0.0	0.0	0.0	1001.83	461.15
1200	2.2553	1.6804	1.6804	638.02	418.96
1201	3.68595	3.76495	3.76495	177.83	221.07
1202	6.1967	2.3254	2.3254	647.11	596.06
1203	0.0	0.0	0.0	100.25	92.81
1204	2.3921	2.9751000000000003	2.9751000000000003	271.87	892.19
1205	2.0632	2.165	2.165	720.22	102.22
1206	4.7833	2.65835	2.65835	317.76	121.87
1207	0.0	0.0	0.0	446.29	33.8
1208	0.0	0.0	0.0	100.26	92.81
1209	4.4442	3.2018	3.2018	203.62	101.81
1210	2.2753	3.7027	3.7027	588.65	639.06
1211	3.04475	1.798	1.798	606.23	942.26
1212	3.6879	2.7235	2.7235	147.82	561.22
1213	4.76715	3.24065	3.24065	403.06	928.95
1214	2.76775	2.34025	2.34025	300.83	479.85
1215	3.65865	2.7979	2.7979	147.8	561.39
1216	0.0	0.0	0.0	261.81	947.23
1217	3.1615	2.5885	2.5885	108.23	681.18
1218	2.454	3.1221	3.1221	796.7	451.93
1219	3.0885	2.644	2.644	789.31	362.07
1220	1.9965	1.74655	1.74655	269.46	867.89
1221	3.0342	2.361	2.361	819.91	994.05
1222	1.8798	2.5959	2.5959	706.71	366.93
1223	1.8672	2.5879	2.5879	462.7	876.9
1224	4.2093	2.6506	2.6506	393.52	639.07
1225	0.0	0.0	0.0	108.01	935.91
1226	2.9524	1.7462	1.7462	439.89	921.72
1227	3.3034	2.8616	2.8616	160.56	812.93
1228	0.0	0.0	0.0	375.94	32.8
1229	0.0	0.0	0.0	241.13	994.21
1230	4.1088	2.62625	2.62625	393.39	639.09
1231	4.10385	4.1101	4.1101	338.66	249.88
1232	0.0	0.0	0.0	969.97	747.65
1233	3.40695	3.23465	3.23465	160.43	813.02
1234	4.4136	4.89545	4.89545	308.86	717.79
1235	3.8119	2.5196	2.5196	125.98	551.98
1236	4.0109	5.8585	5.8585	363.33	821.61
1237	2.16015	3.9634	3.9634	581.5	847.3
1238	3.0341	2.1421	2.1421	579.57	299.12
1239	4.21335	3.6882	3.6882	171.7	550.73
1240	2.7754	2.0072	2.0072	631.18	514.37
1241	3.5410500000000003	4.49965	4.49965	497.68	493.97
1242	5.56395	2.80485	2.80485	563.9	625.23
1243	3.37355	2.9017	2.9017	468.0	841.96
1244	3.3154	2.9944	2.9944	189.01	128.58
1245	0.0	0.0	0.0	989.76	34.93
1246	0.0	0.0	0.0	956.01	95.63
1247	0.0	0.0	0.0	888.02	66.08
1248	0.0	0.0	0.0	956.01	95.63
1249	0.0	0.0	0.0	969.89	747.93
1250	2.21685	3.3869	3.3869	470.67	296.12
1251	6.1018	4.0574	4.0574	605.8	791.52
1252	2.9056	3.82045	3.82045	812.48	157.95
1253	2.57375	2.2774	2.2774	656.08	602.67
1254	2.3757	2.6789	2.6789	551.55	462.94
1255	1.9273	2.4941	2.4941	413.06	353.98
1256	3.827	1.3637	1.3637	378.02	441.64
1257	4.5801	2.2799500000000004	2.2799500000000004	360.51	921.92
1258	4.4903	2.68765	2.68765	574.85	649.14
1259	1.84555	1.5206499999999998	1.5206499999999998	390.37	537.04
1260	0.0	0.0	0.0	1002.2	948.25
1261	2.4754	3.2935	3.2935	654.26	259.16
1262	3.5205	2.6747	2.6747	790.15	846.55
1263	2.6238	3.9419	3.9419	538.07	885.92
1264	3.75175	2.5352	2.5352	89.92	902.79
1265	6.2558	4.0574	4.0574	605.62	791.52
1266	6.2558	4.0574	4.0574	605.62	791.52
1267	2.0355	2.41855	2.41855	519.6	423.45
1268	2.6488500000000004	3.6999	3.6999	759.27	94.02
1269	2.0700000000000003	2.4093	2.4093	134.09	669.95
1270	3.7454	2.2477	2.2477	302.99	516.12
1271	0.0	0.0	0.0	845.99	1009.25
1272	3.6322	2.1952	2.1952	952.72	218.29
1273	0.0	0.0	0.0	66.15	420.05
1274	2.9219	3.23815	3.23815	857.31	884.93
1275	3.93015	2.3594	2.3594	345.97	703.41
1276	4.13885	3.88285	3.88285	157.11	684.84
1277	1.71585	2.6782	2.6782	897.94	161.34
1278	4.8224	2.6609	2.6609	612.03	790.69
1279	3.0676	2.4842	2.4842	819.89	994.39
1280	3.1849	3.13305	3.13305	690.32	657.91
1281	0.0	0.0	0.0	39.99	87.35
1282	2.3827	2.4883	2.4883	172.1	753.98
1283	3.6847	2.3124	2.3124	310.18	88.71
1284	3.6264	2.87595	2.87595	280.99	162.61
1285	0.0	0.0	0.0	245.06	974.45
1286	0.0	0.0	0.0	40.03	87.11
1287	0.0	0.0	0.0	714.08	44.22
1288	0.0	0.0	0.0	946.37	961.16
1289	2.6744	3.28565	3.28565	331.59	185.99
1290	2.6807	3.0656	3.0656	658.52	532.01
1291	2.9744	2.79935	2.79935	854.04	675.07
1292	4.68765	1.2510500000000002	1.2510500000000002	464.59	224.94
1293	5.2737	3.7171	3.7171	460.64	368.19
1294	3.0813	2.3877	2.3877	168.67	296.96
1295	2.78015	2.3981	2.3981	680.45	838.43
1296	3.6484	3.217	3.217	436.21	321.0
1297	3.1292	4.4261	4.4261	215.36	754.12
1298	2.8933	4.5422	4.5422	644.75	234.18
1299	4.0436	2.7887500000000003	2.7887500000000003	344.11	430.93
1300	2.4859	2.1802	2.1802	903.99	494.05
1301	1.5377	1.8911	1.8911	565.05	594.95
1302	1.5394	1.7736	1.7736	472.27	704.12
1303	0.0	0.0	0.0	463.3	58.02
1304	4.0436	2.78665	2.78665	344.11	430.92
1305	2.95595	2.9248	2.9248	451.04	269.08
1306	2.5280500000000004	4.0588	4.0588	720.07	543.14
1307	0.0	0.0	0.0	346.81	24.06
1308	3.5543	3.4048	3.4048	171.48	550.88
1309	3.4827	2.6333	2.6333	251.1	201.56
1310	3.24515	1.48195	1.48195	87.38	825.92
1311	2.7331	2.2508	2.2508	434.93	446.99
1312	3.3613	3.9442	3.9442	714.76	577.28
1313	0.0	0.0	0.0	965.43	967.79
1314	3.32105	2.4181	2.4181	538.36	371.02
1315	2.4643	3.0517000000000003	3.0517000000000003	466.05	543.7
1316	3.445	3.60195	3.60195	893.95	326.97
1317	3.10975	2.4815	2.4815	88.05	455.04
1318	2.0185	3.0004	3.0004	611.31	354.85
1319	2.80755	3.72035	3.72035	515.79	857.98
1320	3.06665	2.5786	2.5786	901.99	527.96
1321	0.41995	0.0	0.0	454.08	66.33
1322	3.6217	3.5984	3.5984	549.81	890.26
1323	3.732	1.72955	1.72955	308.53	98.04
1324	3.10395	5.340949999999999	5.340949999999999	199.66	833.21
1325	0.0	0.0	0.0	54.95	979.36
1326	2.7702	2.8227	2.8227	135.16	815.85
1327	2.0921000000000003	2.3886	2.3886	884.17	904.1
1328	3.2392000000000003	1.486	1.486	591.65	227.83
1329	2.4539	3.2438	3.2438	466.03	543.91
1330	3.14455	5.2996	5.2996	199.78	833.07
1331	2.8263	2.37345	2.37345	413.1	498.63
1332	2.5807	2.377	2.377	300.61	480.06
1333	2.65595	3.9379	3.9379	389.99	484.9
1334	4.1994	5.88075	5.88075	846.46	300.44
1335	3.3291000000000004	4.0203	4.0203	714.65	577.15
1336	3.08215	2.5338	2.5338	936.02	492.87
1337	5.850099999999999	3.51075	3.51075	330.76	883.19
1338	2.09605	2.5192	2.5192	884.09	904.21
1339	0.0	0.0	0.0	1006.5	397.46
1340	3.65395	2.3508	2.3508	292.01	632.04
1341	3.50835	6.1882	6.1882	549.59	890.66
1342	2.94475	1.4728	1.4728	147.12	704.02
1343	3.08215	2.3627	2.3627	936.02	492.66
1344	3.7968	4.3082	4.3082	553.78	613.73
1345	5.0714500000000005	3.4270500000000004	3.4270500000000004	130.17	744.01
1346	2.4812	3.4561	3.4561	230.57	806.47
1347	2.78275	3.8269	3.8269	842.94	694.03
1348	5.7666	2.9486	2.9486	735.93	861.93
1349	0.0	0.0	0.0	140.19	952.64
1350	4.2243	6.3647	6.3647	593.99	358.55
1351	1.60535	1.5454	1.5454	508.09	128.57
1352	2.9891	1.7423	1.7423	554.94	421.35
1353	5.8051	3.5922	3.5922	330.87	883.39
1354	2.2335	3.0063	3.0063	778.79	308.13
1355	2.9458	3.8591	3.8591	832.95	889.63
1356	3.2005	0.0	0.0	420.91	943.65
1357	1.48865	3.241	3.241	296.93	804.03
1358	3.5255	2.6552	2.6552	269.09	790.67
1359	3.3889	6.2321	6.2321	694.36	204.84
1360	6.2366	3.5842	3.5842	330.84	883.53
1361	0.0	0.0	0.0	947.48	999.98
1362	0.0	0.0	0.0	131.61	85.55
1363	3.9384	2.8175	2.8175	344.03	430.83
1364	1.8933	2.9928	2.9928	335.6	844.76
1365	3.6224	3.6225	3.6225	549.59	890.37
1366	0.0	0.0	0.0	522.68	1010.24
1367	0.0	0.0	0.0	337.03	48.38
1368	0.0	0.0	0.0	970.33	79.0
1369	2.1652	3.6863	3.6863	712.05	402.47
1370	1.9476	2.85835	2.85835	753.72	702.84
1371	2.3316	2.5788	2.5788	144.74	913.95
1372	2.0851	1.9263	1.9263	625.05	774.98
1373	0.0	0.0	0.0	281.52	27.15
1374	0.0	0.0	0.0	506.89	355.56
1375	0.0	0.0	0.0	939.14	916.13
1376	3.8358	4.9757	4.9757	600.27	645.88
1377	0.0	0.0	0.0	988.49	442.95
1378	2.8556	1.838	1.838	628.01	826.02
1379	4.1563	3.2043	3.2043	195.17	82.96
1380	0.0	0.0	0.0	46.87	946.31
1381	4.1777	1.4287	1.4287	423.12	225.61
1382	3.0541	3.2798	3.2798	344.06	685.94
1383	3.52485	1.3027	1.3027	312.35	649.9
1384	0.0	0.0	0.0	961.91	709.66
1385	0.0	0.0	0.0	1006.52	597.99
1386	3.08965	1.9069	1.9069	340.51	105.0
1387	1.8704	4.6891	4.6891	613.67	841.07
1388	2.29035	1.8943	1.8943	208.16	452.67
1389	2.9837	3.08035	3.08035	372.41	343.75
1390	0.0	0.0	0.0	632.49	984.45
1391	0.0	0.0	0.0	785.37	999.9
1392	2.8329	2.03675	2.03675	769.06	259.06
1393	2.3136	2.1672	2.1672	685.3	487.85
1394	0.0	0.0	0.0	723.01	49.55
1395	2.8432500000000003	4.5786	4.5786	832.22	354.11
1396	3.1538500000000003	3.07825	3.07825	221.0	363.0
1397	0.0	0.0	0.0	26.1	903.3
1398	2.981	1.73275	1.73275	331.34	324.06
1399	0.9435	1.1926	1.1926	365.08	635.94
1400	4.6991	4.1808	4.1808	813.59	470.13
1401	2.4793000000000003	3.2607	3.2607	892.95	712.9
1402	2.2658	2.1679	2.1679	480.0	199.16
1403	2.1355	3.2184	3.2184	690.22	483.21
1404	2.155	1.4747	1.4747	301.72	280.01
1405	2.1369	3.2184	3.2184	690.23	483.21
1406	2.42	2.5931	2.5931	194.71	907.96
1407	3.2444	3.50045	3.50045	430.04	829.04
1408	2.0522	4.8841	4.8841	314.21	574.66
1409	3.48505	3.5988	3.5988	535.6	658.92
1410	3.42385	1.20525	1.20525	312.22	649.81
1411	2.7831	4.25375	4.25375	548.98	208.58
1412	2.0549	4.8846	4.8846	314.22	574.65
1413	4.5951	3.52685	3.52685	402.07	684.22
1414	3.6617	0.6745	0.6745	494.37	538.28
1415	2.35805	5.0411	5.0411	157.57	187.94
1416	4.02815	3.77035	3.77035	178.05	221.06
1417	3.2253	3.5877	3.5877	430.11	829.2
1418	3.34425	2.77875	2.77875	729.3	97.85
1419	3.28215	1.63365	1.63365	194.54	249.63
1420	2.3676000000000004	2.8947	2.8947	769.72	206.95
1421	3.37745	1.2053	1.2053	312.16	649.81
1422	3.367	3.2653	3.2653	262.01	582.24
1423	0.0	0.0	0.0	49.35	353.15
1424	2.56705	1.9707	1.9707	673.27	321.14
1425	3.548	1.96925	1.96925	730.12	130.34
1426	2.9543	1.9313	1.9313	889.48	434.99
1427	3.48505	3.46765	3.46765	442.52	173.1
1428	3.0839	2.6933	2.6933	81.94	486.76
1429	3.251	1.6291	1.6291	510.44	752.55
1430	0.0	0.0	0.0	63.4	472.0
1431	2.3134	1.05095	1.05095	952.44	196.94
1432	3.9447	4.0279	4.0279	118.77	584.1
1433	0.0	0.0	0.0	712.06	60.59
1434	0.7716000000000001	2.9539	2.9539	173.28	615.76
1435	2.3933	3.0473	3.0473	734.86	557.27
1436	1.8769	2.8275	2.8275	664.83	968.78
1437	4.2369	2.9668	2.9668	331.92	171.87
1438	2.2875	2.196	2.196	421.59	499.96
1439	3.081	5.144550000000001	5.144550000000001	768.07	667.88
1440	2.19915	2.49595	2.49595	705.63	129.07
1441	2.8544	2.7153	2.7153	783.69	842.26
1442	0.8241	2.9539	2.9539	173.29	615.76
1443	2.8933	2.4334	2.4334	551.12	773.29
1444	4.6	3.62995	3.62995	402.06	684.34
1445	2.7621	2.3855	2.3855	783.25	842.63
1446	3.0832	4.2763	4.2763	490.88	866.76
1447	1.6892999999999998	0.0	0.0	148.58	583.45
1448	4.648	3.45625	3.45625	401.97	684.12
1449	2.7779	7.078	7.078	329.45	837.94
1450	2.1792	0.0	0.0	158.76	929.05
1451	2.3166	3.8097	3.8097	372.55	839.36
1452	1.31255	3.2222	3.2222	924.22	726.79
1453	2.6264	2.5652	2.5652	102.28	819.16
1454	0.0	0.0	0.0	713.47	1009.24
1455	3.08315	4.34545	4.34545	490.89	866.64
1456	1.5566	5.227650000000001	5.227650000000001	682.83	500.36
1457	1.38905	3.6922	3.6922	463.56	721.9
1458	4.2973	2.90235	2.90235	322.07	177.09
1459	3.6328	1.5617	1.5617	646.76	257.87
1460	2.9452	2.851	2.851	777.81	664.66
1461	3.67765	4.2286	4.2286	312.09	902.44
1462	1.2799	1.6062	1.6062	251.4	616.03
1463	2.45895	6.6491	6.6491	329.61	837.95
1464	3.0783	3.9055	3.9055	539.58	363.61
1465	1.9858	2.081	2.081	313.33	589.91
1466	3.67765	4.2355	4.2355	312.09	902.43
1467	2.2035	2.52625	2.52625	297.42	845.3
1468	2.2324	4.0593	4.0593	421.1	759.91
1469	1.9003	1.9679	1.9679	879.93	123.99
1470	4.0645	4.69835	4.69835	235.95	426.33
1471	0.0	0.0	0.0	25.91	386.56
1472	3.1593	3.57985	3.57985	290.01	375.53
1473	4.716	3.47945	3.47945	632.77	366.6
1474	1.54775	3.47075	3.47075	463.73	721.75
1475	3.1186	2.45545	2.45545	94.5	746.1
1476	2.18245	5.0979	5.0979	198.88	827.19
1477	2.2324	4.0593	4.0593	421.1	759.91
1478	2.9483	3.1514	3.1514	543.01	810.22
1479	2.374	2.53585	2.53585	584.09	116.32
1480	6.162699999999999	3.1995	3.1995	433.32	219.96
1481	4.1319	2.89085	2.89085	321.95	177.18
1482	3.8689	3.8085	3.8085	224.1	819.92
1483	2.1891	3.5228	3.5228	281.06	422.99
1484	3.16435	2.3784	2.3784	650.01	585.9
1485	2.981	3.83	3.83	290.01	375.4
1486	2.2244	4.33015	4.33015	665.0	208.76
1487	2.7073	1.912	1.912	210.09	915.84
1488	3.759	1.5659	1.5659	646.96	257.9
1489	0.0	0.0	0.0	713.46	1009.46
1490	1.7828	3.6333	3.6333	619.48	460.88
1491	2.9465	3.3113	3.3113	119.5	780.82
1492	3.8689	3.8085	3.8085	224.1	819.92
1493	3.087	4.3975	4.3975	490.96	866.52
1494	2.5222	2.9223	2.9223	796.05	429.92
1495	3.8616	2.5733	2.5733	104.35	512.95
1496	0.0	0.0	0.0	795.23	982.71
1497	3.8616	2.5733	2.5733	104.35	512.95
1498	2.57075	2.2142	2.2142	822.27	298.06
1499	1.70545	2.32325	2.32325	872.46	274.52
1500	4.275600000000001	3.1087	3.1087	283.09	185.41
1501	2.2582	3.4179500000000003	3.4179500000000003	299.02	931.64
1502	2.32155	1.099	1.099	974.98	391.01
1503	6.5978	4.8257	4.8257	557.5	487.58
1504	3.3086	3.6564	3.6564	337.9	238.32
1505	2.0169	2.3053	2.3053	593.0	895.21
1506	1.1851	2.7033	2.7033	474.98	354.04
1507	2.55265	1.8492	1.8492	80.07	543.52
1508	2.8278	3.8313	3.8313	80.07	622.96
1509	2.2582	3.4191000000000003	3.4191000000000003	299.02	931.63
1510	2.9992	3.4381500000000003	3.4381500000000003	359.32	143.27
1511	2.0198	3.2831	3.2831	876.31	515.9
1512	0.0	0.0	0.0	912.74	35.87
1513	2.1056	2.2476	2.2476	863.24	481.27
1514	2.7072	3.0629	3.0629	525.97	306.14
1515	0.0	0.0	0.0	968.82	739.13
1516	2.6982	2.4823000000000004	2.4823000000000004	412.07	271.03
1517	2.7072	3.0619	3.0619	525.97	306.15
1518	2.5542	2.322	2.322	725.65	368.32
1519	4.21755	3.1582	3.1582	283.29	185.56
1520	0.0	0.0	0.0	416.09	966.47
1521	0.0	0.0	0.0	245.84	1004.01
1522	2.4036	0.7452	0.7452	145.42	350.95
1523	1.3938	2.0178	2.0178	685.98	978.41
1524	3.0887	0.0	0.0	695.76	461.12
1525	1.9941	2.2174	2.2174	592.99	894.97
1526	2.3803	2.0562	2.0562	392.37	383.25
1527	2.6047	2.37835	2.37835	832.62	427.45
1528	0.0	0.0	0.0	877.99	81.99
1529	4.17825	2.73525	2.73525	547.89	651.83
1530	2.4492	2.39565	2.39565	653.35	893.1
1531	3.3957	3.0887	3.0887	130.52	240.94
1532	1.30545	3.3932	3.3932	320.96	803.91
1533	3.9165	3.4029	3.4029	283.29	185.8
1534	3.58975	1.5899	1.5899	462.36	367.11
1535	2.2635	2.9053	2.9053	367.63	129.58
1536	2.92	4.3242	4.3242	265.73	612.11
1537	1.825	5.7063	5.7063	802.91	802.19
1538	2.19655	3.9788	3.9788	795.97	720.69
1539	4.09755	2.6612	2.6612	814.96	631.68
1540	1.70405	3.4137	3.4137	347.24	659.18
1541	1.2269	4.75565	4.75565	487.58	452.87
1542	2.7205	2.4781	2.4781	376.31	263.11
1543	2.9761	2.4257	2.4257	205.02	607.65
1544	2.64715	3.25625	3.25625	392.09	73.73
1545	0.0	0.0	0.0	16.11	671.19
1546	4.4986	3.9695	3.9695	539.49	363.83
1547	4.22375	5.7843	5.7843	486.0	838.0
1548	2.6047	2.37835	2.37835	832.62	427.45
1549	2.55315	3.6168	3.6168	160.1	660.99
1550	0.0	0.0	0.0	70.37	89.11
1551	0.0	0.0	0.0	16.31	670.98
1552	0.0	0.0	0.0	559.73	17.06
1553	3.768	4.37255	4.37255	312.37	902.19
1554	3.5762	2.8120000000000003	2.8120000000000003	176.0	275.45
1555	3.015	1.7212	1.7212	175.02	685.45
1556	4.4875	3.5764	3.5764	384.99	681.35
1557	2.4972000000000003	2.3592500000000003	2.3592500000000003	548.55	674.39
1558	0.0	0.0	0.0	16.31	670.98
1559	0.0	0.0	0.0	938.33	868.13
1560	2.0485	2.18375	2.18375	471.67	923.08
1561	0.0	0.0	0.0	79.76	174.84
1562	2.8192	2.3009	2.3009	725.96	368.36
1563	1.6602	4.08935	4.08935	71.1	646.04
1564	1.54095	2.4976	2.4976	180.13	866.47
1565	0.99825	2.456	2.456	490.44	403.85
1566	0.0	0.0	0.0	650.77	988.69
1567	0.0	0.0	0.0	100.53	99.95
1568	0.0	0.0	0.0	68.34	379.09
1569	2.3428	5.2158	5.2158	199.01	827.07
1570	4.2511	2.87175	2.87175	547.77	651.92
1571	3.7775	1.86835	1.86835	62.59	664.53
1572	4.009	2.67955	2.67955	328.58	92.86
1573	2.0360500000000004	2.42505	2.42505	365.5	259.53
1574	2.1848	3.13395	3.13395	124.68	565.42
1575	2.79605	2.49285	2.49285	585.08	535.08
1576	2.4517	1.3259	1.3259	90.06	630.93
1577	0.0	0.0	0.0	658.66	64.97
1578	3.9403	5.6311	5.6311	486.34	837.77
1579	0.0	0.0	0.0	986.56	939.51
1580	2.627	0.0	0.0	267.05	55.57
1581	1.241	3.4061	3.4061	271.06	905.07
1582	1.3445	3.40595	3.40595	464.31	693.1
1583	1.7292	2.4707	2.4707	717.53	733.42
1584	4.537599999999999	3.3625	3.3625	384.88	681.14
1585	3.19915	0.0	0.0	740.43	978.87
1586	2.5408	2.5904	2.5904	886.98	897.0
1587	3.3402000000000003	2.38655	2.38655	524.09	185.03
1588	1.9261	1.6194	1.6194	628.05	584.7
1589	2.44095	1.23355	1.23355	305.95	187.65
1590	1.8926	1.894	1.894	628.02	584.91
1591	1.1116	1.9193	1.9193	354.5	535.96
1592	2.7096	3.9492	3.9492	695.98	209.6
1593	3.4447	1.9666	1.9666	397.0	821.99
1594	0.0	0.0	0.0	117.24	139.4
1595	2.2716	2.0492	2.0492	714.54	153.92
1596	3.5425	3.6987	3.6987	659.93	485.98
1597	4.6035	5.5029	5.5029	428.73	102.03
1598	0.0	0.0	0.0	435.2	969.36
1599	5.0218	2.3498	2.3498	282.12	914.86
1600	3.51535	2.1433	2.1433	180.53	420.94
1601	0.0	4.5495	4.5495	608.44	547.96
1602	3.1567	2.2718	2.2718	918.67	257.86
1603	2.3302	2.9384	2.9384	288.09	865.54
1604	3.22445	4.2821	4.2821	532.6	259.92
1605	2.4874	4.63205	4.63205	898.22	765.0
1606	0.0	0.0	0.0	562.91	989.92
1607	2.7095	1.937	1.937	270.36	502.14
1608	0.0	0.0	0.0	963.26	67.22
1609	0.0	0.0	0.0	160.53	20.09
1610	1.28425	0.0	0.0	664.03	87.76
1611	4.3729	3.4566	3.4566	279.01	154.87
1612	4.1354	5.9691	5.9691	218.09	507.02
1613	2.67195	1.9736	1.9736	613.92	602.97
1614	1.2541	3.4217	3.4217	271.07	905.23
1615	1.9902	1.7065	1.7065	324.09	901.95
1616	0.0	2.4368	2.4368	946.16	663.74
1617	2.1896	2.2105	2.2105	516.97	832.04
1618	2.5273000000000003	1.528	1.528	640.68	255.2
1619	2.4461500000000003	1.81575	1.81575	353.05	697.98
1620	0.0	0.0	0.0	408.47	534.95
1621	0.0	0.0	0.0	956.16	88.79
1622	4.011	1.36575	1.36575	464.07	664.91
1623	2.8767	3.1278	3.1278	125.01	565.41
1624	4.694850000000001	3.4565	3.4565	279.24	154.87
1625	3.3741	3.7448	3.7448	274.83	586.19
1626	3.2878	4.10465	4.10465	684.96	732.82
1627	3.577	2.8845	2.8845	767.98	580.06
1628	3.2334	3.0034	3.0034	331.53	704.45
1629	4.001	0.7588	0.7588	522.11	126.54
1630	4.5102	4.07185	4.07185	357.07	615.02
1631	3.14755	2.7828	2.7828	120.88	705.76
1632	4.067399999999999	0.8604499999999999	0.8604499999999999	522.09	126.55
1633	0.0	0.0	0.0	963.36	67.17
1634	3.3094	2.97495	2.97495	331.62	704.21
1635	4.5843	0.59675	0.59675	139.29	601.11
1636	0.0	0.0	0.0	983.77	947.64
1637	2.2775	1.97635	1.97635	423.09	114.14
1638	3.9007	2.6892	2.6892	555.03	645.02
1639	2.3738	2.2235	2.2235	607.9	847.45
1640	1.7154	2.1828	2.1828	704.93	973.53
1641	2.15025	2.6489000000000003	2.6489000000000003	690.35	549.87
1642	0.0	0.0	0.0	689.82	70.46
1643	3.48215	4.2701	4.2701	560.3	912.89
1644	1.7154	2.3087	2.3087	704.93	973.52
1645	0.0	0.0	0.0	1007.19	175.71
1646	2.6519	2.83565	2.83565	919.5	493.02
1647	4.27435	3.3436000000000003	3.3436000000000003	614.36	213.89
1648	0.0	0.0	0.0	23.0	224.3
1649	3.70615	1.67025	1.67025	286.34	508.03
1650	1.26925	3.1318	3.1318	421.52	652.97
1651	0.0	0.0	0.0	505.46	65.31
1652	1.2980999999999998	3.158	3.158	421.3	652.91
1653	3.6541	2.021	2.021	434.18	406.52
1654	1.1218	2.2454	2.2454	681.06	817.94
1655	2.2756	2.2274	2.2274	760.5	778.54
1656	2.4605	2.8812	2.8812	325.03	780.96
1657	0.0	0.0	0.0	994.56	483.01
1658	4.6943	0.97645	0.97645	295.77	263.01
1659	3.98125	1.7611	1.7611	689.52	374.11
1660	2.2384	3.0956	3.0956	677.1	272.45
1661	2.8227	2.186	2.186	942.52	495.11
1662	4.2572	5.2166	5.2166	247.49	243.61
1663	0.0	0.0	0.0	964.35	154.16
1664	2.8227	2.1877500000000003	2.1877500000000003	942.52	495.1
1665	1.8565	0.0	0.0	419.71	406.02
1666	2.3557	2.2965	2.2965	938.94	264.98
1667	0.0	0.0	0.0	997.01	700.02
1668	0.0	0.0	0.0	994.4	483.02
1669	2.1497	1.5711499999999998	1.5711499999999998	628.42	722.08
1670	2.4855	4.34205	4.34205	137.78	791.09
1671	2.16805	2.439	2.439	749.02	144.67
1672	2.9835	0.0	0.0	198.42	933.93
1673	0.0	0.0	0.0	269.0	953.61
1674	0.0	0.0	0.0	970.0	683.86
1675	2.93095	2.2201	2.2201	193.36	464.25
1676	2.02265	3.8439	3.8439	302.98	550.42
1677	0.0	0.0	0.0	1006.97	178.0
1678	0.0	0.0	0.0	14.04	91.9
1679	3.47895	1.06125	1.06125	435.95	371.32
1680	0.0	0.0	0.0	976.67	726.11
1681	3.4715	2.5095	2.5095	731.79	892.11
1682	2.2201	3.2197	3.2197	800.71	789.0
1683	3.21675	1.27345	1.27345	302.45	788.56
1684	2.5964	3.4558	3.4558	594.32	865.97
1685	0.0	0.0	0.0	32.04	814.96
1686	2.46775	3.2769	3.2769	400.09	692.04
1687	3.2755	2.32375	2.32375	815.99	615.0
1688	0.0	0.0	0.0	172.98	23.98
1689	3.4275	0.0	0.0	552.92	965.27
1690	1.8706	3.58995	3.58995	752.1	972.97
1691	0.0	0.0	0.0	867.02	988.65
1692	0.0	0.0	0.0	996.42	200.51
1693	3.9436	1.7911	1.7911	310.01	117.56
1694	0.0	0.0	0.0	329.96	963.65
1695	1.7636	1.9174	1.9174	476.03	389.97
1696	1.84575	0.0	0.0	401.92	523.11
1697	2.6787	3.1894	3.1894	439.49	885.38
1698	0.0	0.0	0.0	555.87	34.71
1699	2.232	1.5713	1.5713	800.98	665.99
1700	1.7412	1.2959	1.2959	876.51	544.59
1701	3.7169	3.307	3.307	876.74	368.02
1702	3.528	3.14905	3.14905	820.04	474.01
1703	3.5791	3.8084	3.8084	274.99	586.04
1704	0.0	6.2703	6.2703	410.83	471.03
1705	1.6843	2.4573	2.4573	680.79	714.24
1706	0.0	0.0	0.0	141.54	90.15
1707	2.7729	2.6063	2.6063	657.93	308.7
1708	0.0	0.0	0.0	250.03	1010.24
1709	2.9519	3.896	3.896	814.95	947.89
1710	0.0	0.0	0.0	249.94	979.6
1711	2.4316	4.0074	4.0074	168.77	570.89
1712	2.24925	2.9157	2.9157	530.93	386.45
1713	2.2959	1.8781	1.8781	472.01	89.98
1714	0.0	0.0	0.0	386.12	24.58
1715	3.33595	1.6545	1.6545	202.37	368.1
1716	1.9754	1.961	1.961	540.95	781.25
1717	2.87345	1.8881	1.8881	774.93	972.89
1718	2.4891	2.03805	2.03805	775.98	146.91
1719	3.7638	5.33155	5.33155	246.56	207.91
1720	0.0	1.4047	1.4047	270.26	700.75
1721	5.1869	0.0	0.0	401.22	428.8
1722	2.5265	3.3511	3.3511	335.98	776.63
1723	2.32485	4.3728	4.3728	416.9	908.44
1724	3.06055	1.6056	1.6056	283.5	77.58
1725	1.6543	1.90855	1.90855	366.07	889.0
1726	3.10085	5.4979	5.4979	250.28	78.28
1727	3.96385	5.4413	5.4413	246.74	207.89
1728	3.2693000000000003	3.7636	3.7636	236.84	360.29
1729	3.6137	1.3547	1.3547	135.31	558.76
1730	2.79155	3.9165	3.9165	696.27	210.08
1731	2.4564	2.8068	2.8068	124.14	831.46
1732	2.44725	3.0037	3.0037	895.09	251.12
1733	2.3724	1.67145	1.67145	529.89	559.81
1734	0.0	0.0	0.0	430.08	1003.92
1735	2.3157	2.9681	2.9681	682.99	930.24
1736	0.0	0.0	0.0	249.94	979.43
1737	0.0	0.0	0.0	38.15	136.13
1738	3.2753500000000004	1.74255	1.74255	205.39	559.91
1739	0.0	2.3383	2.3383	993.67	263.9
1740	0.0	0.0	0.0	972.47	109.51
1741	3.3814	0.0	0.0	727.48	448.09
1742	1.5456500000000002	2.1365	2.1365	886.77	807.05
1743	1.5422	4.4741	4.4741	625.07	839.03
1744	3.8018	2.4678	2.4678	94.86	787.4
1745	2.5021500000000003	1.3098999999999998	1.3098999999999998	535.32	736.0
1746	1.4552	1.8765	1.8765	770.69	389.71
1747	0.0	0.0	0.0	996.98	68.92
1748	3.07635	2.89995	2.89995	117.57	728.42
1749	2.1786	3.1911	3.1911	778.94	808.66
1750	3.9466	2.14975	2.14975	546.98	328.7
1751	1.1341	0.67235	0.67235	297.57	578.87
1752	0.0	0.0	0.0	250.0	1010.03
1753	0.0	6.42465	6.42465	410.73	470.88
1754	2.2018	3.7198	3.7198	292.12	170.09
1755	4.0292	2.1431	2.1431	73.1	833.77
1756	1.6304	2.2285	2.2285	482.56	178.0
1757	1.7474500000000002	3.6123	3.6123	414.58	595.05
1758	2.65	1.4529	1.4529	495.03	236.5
1759	3.1755500000000003	3.52775	3.52775	124.12	322.08
1760	3.205	0.0	0.0	437.28	85.08
1761	0.0	0.0	0.0	647.5	57.54
1762	3.7904	2.3592	2.3592	466.0	585.93
1763	2.4653	2.66215	2.66215	940.79	273.58
1764	3.088	2.9214	2.9214	711.97	784.51
1765	3.0942	4.1045	4.1045	537.79	200.75
1766	4.6779	5.3851	5.3851	469.09	480.92
1767	2.949	3.2413	3.2413	384.09	305.22
1768	0.0	0.0	0.0	309.15	25.38
1769	2.0367	1.98335	1.98335	915.04	410.49
1770	3.8916	1.87655	1.87655	282.59	438.49
1771	1.1315	1.3977	1.3977	736.08	682.67
1772	3.6078	5.92365	5.92365	801.91	806.07
1773	0.0	0.0	0.0	976.66	670.97
1774	1.3015	2.7058	2.7058	741.09	533.1
1775	2.6767	2.3884	2.3884	616.72	274.88
1776	3.6531	0.0	0.0	168.56	901.51
1777	2.103	2.8239	2.8239	918.02	229.33
1778	3.54965	3.1738	3.1738	788.0	448.08
1779	1.84025	3.3920000000000003	3.3920000000000003	538.04	816.95
1780	3.6174	0.0	0.0	609.53	813.0
1781	0.0	0.0	0.0	12.51	559.0
1782	0.0	0.0	0.0	524.97	978.49
1783	3.01045	2.32905	2.32905	265.45	526.81
1784	1.8766	3.131	3.131	327.3	877.2
1785	3.52375	2.7304000000000004	2.7304000000000004	202.38	295.99
1786	0.0	0.0	0.0	985.12	559.21
1787	0.0	0.0	0.0	15.02	577.42
1788	0.0	0.0	0.0	985.02	559.13
1789	2.2141	2.9885	2.9885	390.57	682.88
1790	2.6401	1.79345	1.79345	265.56	526.86
1791	2.6308	2.7181	2.7181	344.05	501.97
1792	0.0	0.0	0.0	15.02	577.42
1793	3.0433	3.2922	3.2922	786.97	440.06
1794	2.5613	1.152	1.152	492.91	199.67
1795	0.0	3.94675	3.94675	168.19	90.27
1796	0.0	0.0	0.0	972.21	109.43
1797	0.0	0.0	0.0	467.76	993.89
1798	0.0	0.0	0.0	939.93	903.89
1799	0.0	0.0	0.0	45.11	163.02
1800	3.7374	1.7148	1.7148	331.26	489.37
1801	0.0	0.0	0.0	76.01	924.09
1802	0.0	5.9123	5.9123	540.53	599.99
1803	2.277	2.4952	2.4952	714.01	776.33
1804	2.6314	2.2788	2.2788	873.57	958.47
1805	0.0	0.0	0.0	64.1	441.29
1806	1.18855	0.0	0.0	603.06	493.56
1807	1.98815	1.9707	1.9707	834.99	535.03
1808	2.5008	2.18105	2.18105	873.53	958.48
1809	2.3096	4.072	4.072	107.51	878.88
1810	0.0	1.39635	1.39635	439.56	564.42
1811	2.50705	1.28395	1.28395	492.82	199.83
1812	3.7515	4.1564	4.1564	266.26	212.83
1813	2.6564500000000004	3.0995	3.0995	674.93	769.48
1814	2.73485	2.5594	2.5594	548.05	872.94
1815	0.0	5.2828	5.2828	606.45	727.12
1816	0.0	0.0	0.0	629.98	29.02
1817	2.30965	2.92545	2.92545	662.95	550.09
1818	3.1398	3.7213	3.7213	686.84	515.16
1819	0.0	0.0	0.0	955.61	691.04
1820	1.7252	2.656	2.656	226.09	757.53
1821	3.40615	3.2569	3.2569	639.25	535.07
1822	0.0	0.0	0.0	655.37	13.07
1823	0.0	0.0	0.0	278.98	994.27
1824	0.0	5.90475	5.90475	153.06	880.64
1825	3.2049	0.45015	0.45015	187.74	75.26
1826	1.59405	2.80185	2.80185	634.01	641.47
1827	3.3582	3.06795	3.06795	735.02	619.48
1828	0.0	0.0	0.0	70.85	102.65
1829	0.0	0.0	0.0	988.71	191.78
1830	2.6241	4.198	4.198	814.54	379.04
1831	2.8835	2.5236	2.5236	234.03	412.13
1832	2.1707	5.5857	5.5857	296.13	489.98
1833	2.0976	2.6417	2.6417	829.69	324.0
1834	1.3234	4.088900000000001	4.088900000000001	608.04	389.96
1835	1.0523	0.0	0.0	633.94	588.0
1836	0.0	0.0	0.0	629.94	28.81
1837	2.55715	2.938	2.938	969.26	419.05
1838	2.4394	3.01645	3.01645	705.92	906.83
1839	1.0623	2.5749	2.5749	876.59	951.75
1840	2.4044	1.91905	1.91905	849.52	570.95
1841	3.7791	1.6603	1.6603	875.27	353.24
1842	3.0312	2.4008	2.4008	518.03	646.48
1843	3.7831	1.9002	1.9002	553.5	943.12
1844	2.19875	3.04745	3.04745	716.26	864.63
1845	2.17365	0.0	0.0	369.0	234.51
1846	4.9025	3.27825	3.27825	831.64	755.3
1847	0.0	0.0	0.0	908.99	983.0
1848	3.0116	2.5361	2.5361	720.51	886.41
1849	3.3954	2.35865	2.35865	777.22	894.75
1850	2.5589	6.79365	6.79365	527.31	763.68
1851	4.465450000000001	0.0	0.0	662.84	119.83
1852	0.0	0.0	0.0	973.03	793.87
1853	3.0496	1.6048	1.6048	525.68	574.93
1854	0.0	0.0	0.0	973.03	793.87
1855	2.3417	2.0216000000000003	2.0216000000000003	477.05	779.3
1856	2.59595	1.8494	1.8494	408.82	208.32
1857	3.71095	0.0	0.0	281.77	569.93
1858	1.66785	1.4444	1.4444	764.06	960.0
1859	0.0	0.0	0.0	286.33	473.78
1860	0.0	0.0	0.0	622.3	67.15
1861	0.0	0.0	0.0	993.28	241.01
1862	2.9416	0.0	0.0	98.93	360.94
1863	6.63905	3.6861	3.6861	651.99	612.6
1864	3.2513	2.26765	2.26765	373.94	801.92
1865	2.0919	3.1637	3.1637	214.08	864.9
1866	0.0	5.0599	5.0599	249.55	693.11
1867	3.257	2.27115	2.27115	373.95	801.93
1868	2.835	5.8153500000000005	5.8153500000000005	819.01	816.87
1869	2.68485	3.5713	3.5713	327.54	877.0
1870	2.4115	3.19285	3.19285	905.53	317.54
1871	2.0971	2.2742	2.2742	681.69	743.91
1872	2.5738	4.15745	4.15745	468.28	634.21
1873	4.5049	3.7016	3.7016	558.36	125.15
1874	2.078	3.1461	3.1461	308.08	489.0
1875	0.0	0.0	0.0	44.5	120.96
1876	4.42115	2.0856000000000003	2.0856000000000003	503.98	807.8
1877	0.0	3.74835	3.74835	491.89	784.09
1878	0.7322	3.23665	3.23665	583.73	153.2
1879	0.0	0.0	0.0	893.54	909.92
1880	1.5711	2.6804	2.6804	313.3	281.99
1881	1.3172	3.0877	3.0877	910.07	885.97
1882	0.0	0.0	0.0	74.38	391.88
1883	0.9149	0.0	0.0	470.69	410.1
1884	0.0	1.02975	1.02975	477.98	956.49
1885	2.84235	5.9757	5.9757	818.99	816.64
1886	3.9505	6.110099999999999	6.110099999999999	583.0	776.44
1887	3.3107	3.2265	3.2265	822.65	217.83
1888	5.23105	1.8708	1.8708	605.74	220.39
1889	0.0	0.0	0.0	818.91	17.39
1890	1.7449	1.7228500000000002	1.7228500000000002	497.07	266.35
1891	2.1156	2.2863	2.2863	628.03	664.92
1892	3.7289	2.2759	2.2759	216.52	735.48
1893	5.2545	1.5946	1.5946	225.89	538.63
1894	4.58385	2.6233	2.6233	697.03	869.96
1895	1.6384	1.7008	1.7008	559.93	542.67
1896	2.7631	2.23795	2.23795	188.39	398.29
1897	1.98965	3.0638	3.0638	682.49	308.87
1898	1.0856	5.4742	5.4742	468.55	634.28
1899	0.0	0.0	0.0	958.33	924.95
1900	4.61835	4.3996	4.3996	671.25	750.53
1901	1.7624	1.8745	1.8745	797.02	570.03
1902	3.2811	4.796	4.796	582.86	727.92
1903	2.9797	4.0328	4.0328	865.49	458.97
1904	1.3633000000000002	2.03985	2.03985	919.86	676.48
1905	0.0	0.0	0.0	959.03	1005.02
1906	2.4205	2.03955	2.03955	850.09	527.13
1907	1.47495	3.84345	3.84345	275.62	602.07
1908	2.8865	2.6448	2.6448	111.58	500.95
1909	0.0	0.0	0.0	44.64	120.97
1910	3.41655	2.6919500000000003	2.6919500000000003	889.98	793.95
1911	5.8158	1.9576	1.9576	215.08	567.65
1912	2.9519	4.1204	4.1204	814.95	948.13
1913	0.0	0.0	0.0	799.11	53.35
1914	1.2822	0.0	0.0	460.89	963.08
1915	3.27585	5.7152	5.7152	122.73	154.96
1916	0.0	0.0	0.0	818.9	17.54
1917	2.5387500000000003	2.8561	2.8561	473.98	290.39
1918	3.27585	5.7152	5.7152	122.73	154.96
1919	2.2076	2.5007	2.5007	760.04	469.31
1920	1.4669	3.7308	3.7308	502.3	391.57
1921	2.91805	2.6951	2.6951	581.09	912.73
1922	6.5099	2.9039	2.9039	254.1	588.04
1923	0.0	0.0	0.0	559.97	977.24
1924	2.52865	2.23095	2.23095	360.0	667.3
1925	3.72275	3.1902	3.1902	826.02	720.07
1926	0.0	0.0	0.0	730.08	259.02
1927	3.1974	6.4987	6.4987	898.74	759.34
1928	2.22115	0.0	0.0	571.78	417.93
1929	3.7414	3.80705	3.80705	248.91	105.93
1930	3.31955	4.5471	4.5471	89.04	520.72
1931	0.0	4.3974	4.3974	168.15	90.0
1932	3.829	0.0	0.0	499.95	408.15
1933	3.6303	0.7636	0.7636	197.06	180.0
1934	2.0626	2.6196	2.6196	347.72	152.89
1935	2.0219	2.8518	2.8518	793.03	285.32
1936	1.9918	1.1679	1.1679	444.53	868.94
1937	0.0	0.0	0.0	80.54	86.02
1938	2.94025	2.8634	2.8634	717.1	935.35
1939	5.833600000000001	5.1334	5.1334	692.01	631.01
1940	1.95825	1.56385	1.56385	444.51	869.34
1941	3.3017	2.698	2.698	867.96	792.48
1942	2.96845	2.5516	2.5516	590.07	778.21
1943	1.7571	2.2964	2.2964	950.31	247.01
1944	0.0	3.04005	3.04005	623.26	526.65
1945	0.0	3.3519	3.3519	111.58	906.0
1946	1.1166	2.15725	2.15725	542.02	693.51
1947	0.0	0.0	0.0	542.76	983.17
1948	4.74915	0.0	0.0	326.6	475.52
1949	0.0	0.0	0.0	137.84	1005.67
1950	0.0	0.0	0.0	526.4	1002.74
1951	1.99485	2.246	2.246	358.04	899.52
1952	3.02445	1.6327	1.6327	712.05	657.5
1953	0.9917	1.084	1.084	340.46	405.43
1954	2.26945	1.2007	1.2007	347.06	358.29
1955	2.5911	2.3181000000000003	2.3181000000000003	926.66	655.99
1956	3.0111	0.0	0.0	281.76	631.43
1957	3.516	3.70895	3.70895	734.41	817.2
1958	2.2841500000000003	1.00505	1.00505	357.65	273.01
1959	0.0	0.0	0.0	922.52	88.51
1960	1.4131	4.328950000000001	4.328950000000001	834.64	628.03
1961	2.11185	1.2532	1.2532	791.79	227.34
1962	5.3044	1.85175	1.85175	605.54	220.15
1963	2.5603	3.0389	3.0389	910.03	538.99
1964	2.9895	3.1913	3.1913	632.0	335.81
1965	2.6477	4.1778	4.1778	682.69	354.18
1966	0.0	0.0	0.0	414.08	982.45
1967	0.0	2.2579	2.2579	282.15	924.27
1968	3.3574	2.41045	2.41045	398.04	679.93
1969	4.8508	2.4489	2.4489	758.98	709.63
1970	0.0	0.0	0.0	652.95	1010.46
1971	4.31065	2.158	2.158	642.76	918.14
1972	1.9816	2.5162	2.5162	843.0	511.99
1973	2.79995	0.0	0.0	159.81	193.6
1974	0.0	0.0	0.0	383.79	992.16
1975	3.6627	3.0089	3.0089	111.11	566.09
1976	4.4199	2.7704	2.7704	475.85	193.65
1977	0.0	0.0	0.0	978.42	791.15
1978	1.9889	2.458	2.458	824.15	329.09
1979	0.0	0.0	0.0	75.97	303.96
1980	3.2575	2.04975	2.04975	565.11	266.09
1981	0.0	0.0	0.0	1003.68	277.22
1982	0.0	0.0	0.0	150.91	971.92
1983	0.0	0.0	0.0	236.05	34.01
1984	0.0	0.0	0.0	168.33	983.6
1985	0.0	0.0	0.0	415.03	1003.07
1986	0.0	0.0	0.0	711.18	1003.33
1987	2.10705	1.7775	1.7775	815.49	310.99
1988	1.9114	2.4542	2.4542	419.44	274.94
1989	3.073	5.6817	5.6817	583.07	581.33
1990	3.6358	2.6661	2.6661	853.47	783.83
1991	3.6358	2.6661	2.6661	853.47	783.83
1992	0.0	0.0	0.0	68.12	404.06
1993	1.124	5.06525	5.06525	511.0	581.33
1994	4.6059	4.29275	4.29275	510.98	469.04
1995	0.0	0.0	0.0	75.98	303.97
1996	3.2707	2.9499500000000003	2.9499500000000003	604.34	342.13
1997	0.0	0.0	0.0	581.33	615.8
1998	0.0	2.4744	2.4744	732.11	317.08
1999	2.37705	1.2483	1.2483	347.21	358.2
2000	0.0	2.99675	2.99675	73.6	874.51
2001	2.05985	2.3230500000000003	2.3230500000000003	658.37	839.86
2002	2.9962	2.2709	2.2709	588.68	263.93
2003	1.8467	2.7918000000000003	2.7918000000000003	883.46	278.85
2004	0.0	2.9949	2.9949	471.58	323.33
2005	2.2026	1.6747	1.6747	676.27	113.14
2006	2.4956	4.7948	4.7948	685.29	324.94
2007	3.4293	0.0	0.0	133.82	572.78
2008	1.0499999999999998	2.6347500000000004	2.6347500000000004	261.0	857.5
2009	3.9619	5.0113	5.0113	602.66	661.89
2010	5.2113	2.099	2.099	652.58	796.0
2011	2.7784	2.7933	2.7933	842.08	202.01
2012	3.038	0.0	0.0	331.76	64.05
2013	3.2674	2.3119	2.3119	695.9	916.62
2014	4.0725	3.2765	3.2765	505.04	865.87
2015	0.0	0.0	0.0	17.55	372.01
2016	3.1694	3.2192	3.2192	122.08	773.23
2017	0.0	0.0	0.0	396.57	46.86
2018	0.0	0.0	0.0	17.75	372.01
2019	0.0	0.0	0.0	978.88	790.98
2020	0.0	0.0	0.0	17.75	372.01
2021	0.88955	4.6629	4.6629	331.52	385.0
2022	1.5444	5.472799999999999	5.472799999999999	300.98	653.97
2023	0.0	0.0	0.0	631.1	14.7
2024	3.2805	3.5894000000000004	3.5894000000000004	243.79	605.81
2025	1.98905	1.22715	1.22715	393.0	418.5
2026	4.1928	3.8313	3.8313	372.53	942.5
2027	2.5593000000000004	2.77685	2.77685	773.18	482.32
2028	0.0	0.0	0.0	709.39	28.55
2029	0.8172	3.91165	3.91165	448.06	360.54
2030	4.16435	2.78625	2.78625	207.82	269.37
2031	2.2291	0.0	0.0	418.6	384.58
2032	0.0	0.0	0.0	895.05	75.06
2033	2.21355	2.222	2.222	776.17	216.81
2034	2.7964	3.3675	3.3675	766.99	809.3
2035	0.0	0.0	0.0	396.69	46.79
2036	0.0	0.0	0.0	978.7	790.98
2037	0.0	0.0	0.0	999.99	142.0
2038	0.0	0.0	0.0	992.02	228.06
2039	3.1584	3.2579	3.2579	122.07	773.04
2040	1.5101	2.6614	2.6614	841.89	902.21
2041	0.6899	3.83635	3.83635	785.91	410.06
2042	0.0	3.41965	3.41965	472.06	440.94
2043	3.5685	2.0119	2.0119	829.7	474.8
2044	2.5577	3.0335	3.0335	680.01	600.9
2045	3.3073	2.5889	2.5889	203.68	821.83
2046	3.2048	1.7738999999999998	1.7738999999999998	554.32	342.08
2047	0.0	0.0	0.0	979.76	35.69
2048	3.63325	0.0	0.0	384.12	113.4
2049	4.5464	0.0	0.0	343.93	527.17
2050	2.2924	5.6107	5.6107	368.29	292.03
2051	3.62725	1.6546	1.6546	866.43	195.93
2052	1.6436	2.3836	2.3836	848.7	736.72
2053	0.0	1.0388000000000002	1.0388000000000002	661.87	644.97
2054	3.49405	3.44755	3.44755	584.24	955.57
2055	2.6863	0.0	0.0	635.3	331.07
2056	0.0	3.0824	3.0824	931.68	761.17
2057	7.368	3.2226	3.2226	668.64	381.55
2058	2.5245	1.54825	1.54825	422.09	413.48
2059	0.0	0.0	0.0	168.7	958.88
2060	2.2245	3.2403	3.2403	584.19	955.45
2061	0.0	0.0	0.0	571.4	35.99
2062	0.9055	3.0963	3.0963	876.45	330.5
2063	0.0	0.0	0.0	312.4	59.74
2064	0.0	0.0	0.0	101.93	957.96
2065	1.4586	2.6643	2.6643	957.88	298.73
2066	0.0	1.4604	1.4604	814.15	925.99
2067	3.50275	0.0	0.0	138.06	250.98
2068	3.70795	5.8771	5.8771	518.83	412.14
2069	3.6889	4.852	4.852	278.47	233.54
2070	0.0	0.0	0.0	13.5	408.74
2071	1.3282	4.19835	4.19835	250.78	332.56
2072	2.48105	0.0	0.0	793.96	993.93
2073	4.8859	2.4782	2.4782	860.96	403.05
2074	0.0	0.0	0.0	657.51	51.1
2075	4.33405	2.14505	2.14505	399.67	840.88
2076	0.0	0.0	0.0	945.04	761.41
2077	1.2871	0.8499	0.8499	937.93	592.67
2078	0.0	0.9339	0.9339	316.55	876.47
2079	4.33405	2.13235	2.13235	399.67	840.87
2080	3.45045	3.0756	3.0756	834.06	962.44
2081	4.33455	4.2719	4.2719	232.22	767.88
2082	0.0	0.0	0.0	475.5	984.55
2083	0.0	0.0	0.0	13.63	408.76
2084	3.769	0.0	0.0	684.32	111.55
2085	3.4754	0.87905	0.87905	562.13	460.94
2086	2.43975	2.5201	2.5201	779.41	638.14
2087	0.6689	1.5542	1.5542	556.34	258.04
2088	0.0	0.0	0.0	931.9	171.72
2089	3.5253	2.8179	2.8179	309.54	534.94
2090	0.0	2.058	2.058	799.04	918.61
2091	3.3662	2.44725	2.44725	207.0	431.51
2092	0.0	0.0	0.0	132.88	953.52
2093	3.3662	2.44725	2.44725	207.0	431.51
2094	0.0	3.3559	3.3559	155.43	142.28
2095	0.0	0.0	0.0	59.38	166.93
2096	0.0	0.0	0.0	805.06	44.76
2097	4.2562	0.0	0.0	441.51	119.19
2098	2.7816	2.10855	2.10855	772.01	933.23
2099	0.0	2.7841	2.7841	618.07	91.97
2100	0.0	4.7645	4.7645	281.06	513.09
2101	3.792	0.0	0.0	684.29	111.68
2102	0.0	1.44265	1.44265	924.11	152.54
2103	2.565	0.0	0.0	280.1	663.72
2104	3.35095	3.6572	3.6572	340.87	188.11
2105	3.6551	4.23585	4.23585	278.44	233.18
2106	6.914	2.798	2.798	668.17	381.63
2107	1.5034	0.0	0.0	637.08	510.56
2108	0.0	0.0	0.0	473.14	942.56
2109	1.3784999999999998	0.0	0.0	494.03	92.11
2110	0.0	0.0	0.0	956.1	950.03
2111	4.7831	5.327	5.327	426.79	217.89
2112	0.0	0.0	0.0	988.87	906.93
2113	4.3749	2.6059	2.6059	477.16	213.47
2114	3.4134	0.7153	0.7153	248.03	816.68
2115	5.7865	4.0854	4.0854	347.58	779.34
2116	4.02765	3.87365	3.87365	753.31	854.67
2117	4.990399999999999	2.4246	2.4246	370.52	784.03
2118	0.0	0.0	0.0	577.19	985.83
2119	4.6141000000000005	1.9646	1.9646	359.0	127.54
2120	3.2826	2.69055	2.69055	470.43	265.97
2121	0.0	0.0	0.0	588.9	947.03
2122	4.35055	3.5137	3.5137	129.74	446.05
2123	1.7068	0.3168	0.3168	711.95	320.98
2124	4.34545	2.01895	2.01895	477.19	213.36
2125	3.63975	4.03825	4.03825	252.07	605.35
2126	0.0	2.517	2.517	743.49	356.08
2127	0.9982	0.52925	0.52925	732.91	595.02
2128	4.10195	0.0	0.0	471.14	226.69
2129	3.79655	0.0	0.0	684.17	111.63
2130	1.6573	2.1522	2.1522	617.71	737.97
2131	0.65865	2.1387	2.1387	327.11	665.04
2132	0.0	0.0	0.0	962.9	945.96
2133	2.8567	1.1421	1.1421	204.7	288.7
2134	0.65865	2.1387	2.1387	327.11	665.04
2135	1.3813	4.004	4.004	398.05	884.5
2136	5.3337	2.9546	2.9546	797.96	592.09
2137	3.42015	2.82375	2.82375	229.2	570.33
2138	1.5966	5.2477	5.2477	99.67	779.19
2139	3.2735	0.0	0.0	745.43	795.1
2140	0.0	0.0	0.0	597.02	512.66
2141	4.37445	3.2717	3.2717	573.52	754.49
2142	3.1336	0.39715	0.39715	210.91	580.21
2143	0.0	0.0	0.0	781.75	18.89
2144	2.58965	2.4941	2.4941	672.63	922.13
2145	3.3136	0.0	0.0	159.98	193.91
2146	1.6665	2.09805	2.09805	910.96	359.05
2147	2.4895	2.4704	2.4704	876.0	416.01
2148	2.0689	1.54335	1.54335	179.46	751.01
2149	2.3775	6.20115	6.20115	450.06	144.58
2150	2.50665	1.2347	1.2347	795.51	340.02
2151	1.5368	3.6686	3.6686	517.96	198.44
2152	1.6843	2.8054	2.8054	898.34	702.92
2153	4.65325	2.0731	2.0731	843.33	318.99
2154	0.0	0.0	0.0	1009.04	755.87
2155	3.1761	4.034599999999999	4.034599999999999	299.04	746.95
2156	2.6642	0.7041999999999999	0.7041999999999999	765.26	430.6
2157	2.5134	2.1946	2.1946	912.04	291.1
2158	0.0	0.0	0.0	695.9	38.01
2159	0.0	0.0	0.0	481.61	747.95
2160	2.5134	2.1946	2.1946	912.04	291.1
2161	0.0	0.0	0.0	539.25	1008.7
2162	2.7596	0.0	0.0	628.51	376.54
2163	0.0	0.0	0.0	23.9	195.15
2164	5.65715	0.0	0.0	505.08	470.02
2165	1.64825	1.8132	1.8132	630.96	927.9
2166	3.378	0.0	0.0	785.01	115.0
2167	2.20645	3.27835	3.27835	609.91	330.59
2168	3.0729	1.6268	1.6268	242.73	548.3
2169	3.6603	2.7962	2.7962	635.02	92.55
2170	5.839700000000001	3.0881	3.0881	233.67	651.77
2171	0.0	4.50595	4.50595	286.55	720.47
2172	0.0	3.09695	3.09695	901.34	921.3
2173	4.228149999999999	0.0	0.0	53.27	685.0
2174	2.2081	3.0966	3.0966	205.32	629.64
2175	3.5922	2.48155	2.48155	771.69	643.05
2176	0.0	0.0	0.0	444.55	47.94
2177	0.0	0.0	0.0	685.06	1005.23
2178	4.0609	0.0	0.0	515.02	797.94
2179	5.0891	0.0	0.0	621.72	490.0
2180	0.0	0.0	0.0	93.83	1006.2
2181	4.558	0.0	0.0	471.47	226.89
2182	1.4844	0.9773	0.9773	446.17	936.3
2183	1.69255	1.568	1.568	961.9	368.49
2184	3.1557	1.9431	1.9431	829.3	848.04
2185	2.50345	3.18495	3.18495	567.01	196.06
2186	1.19055	0.76945	0.76945	897.96	408.89
2187	2.8551	0.0	0.0	610.29	411.06
2188	0.0	0.0	0.0	928.12	113.56
2189	3.73085	0.0	0.0	612.01	482.49
2190	0.0	0.0	0.0	944.67	847.79
2191	1.74855	2.8432	2.8432	724.18	107.99
2192	1.8928	0.0	0.0	97.03	911.52
2193	0.0	0.0	0.0	944.83	847.67
2194	1.3411499999999998	1.98	1.98	487.51	768.95
2195	0.0	0.0	0.0	751.24	60.99
2196	0.07445	0.0	0.0	259.58	133.12
2197	2.5972	4.0867	4.0867	299.12	699.94
2198	1.6664	3.2494	3.2494	740.98	310.01
2199	0.0	0.0	0.0	60.71	458.97
2200	4.0394	5.0091	5.0091	178.34	228.02
2201	0.0	0.0	0.0	252.33	38.96
2202	0.0716	2.49435	2.49435	343.85	353.64
2203	1.99655	0.0	0.0	278.75	203.12
2204	0.0	0.0	0.0	43.28	386.79
2205	0.0	3.3716	3.3716	628.26	577.28
2206	4.6132	3.36005	3.36005	222.08	121.08
2207	1.8618	2.1215	2.1215	877.92	766.9
2208	4.11075	1.2138	1.2138	569.98	355.16
2209	0.0	0.0	0.0	997.9	283.12
2210	2.0604	0.0	0.0	147.52	113.84
2211	0.0	0.0	0.0	628.2	556.04
2212	5.0459	0.0	0.0	497.46	316.48
2213	3.7922	0.0	0.0	882.99	686.99
2214	0.0	0.0	0.0	617.74	21.06
2215	0.0	1.12	1.12	612.94	122.37
2216	3.4466	4.1598	4.1598	301.44	757.26
2217	0.63045	2.46315	2.46315	858.56	876.42
2218	0.0	0.0	0.0	997.9	283.12
2219	3.1087	2.4937	2.4937	663.58	766.04
2220	2.1977	0.0	0.0	956.3	282.03
2221	1.73495	3.3941	3.3941	809.28	482.16
2222	0.0	2.4087	2.4087	557.06	309.91
2223	0.0	0.0	0.0	63.26	181.99
2224	0.0	0.0	0.0	45.0	15.91
2225	3.4554	4.328799999999999	4.328799999999999	301.48	757.48
2226	0.0	0.0	0.0	377.71	559.69
2227	2.9286	4.2834	4.2834	367.32	117.02
2228	2.5979	1.3189	1.3189	629.36	457.11
2229	0.0	0.0	0.0	967.0	544.47
2230	0.0	0.0	0.0	90.94	245.76
2231	2.2921500000000004	1.5994	1.5994	455.96	785.97
2232	1.9892	3.0329	3.0329	409.08	917.91
2233	0.0	0.0	0.0	940.62	30.99
2234	2.3091	0.0	0.0	444.94	908.94
2235	2.2705	0.0	0.0	161.35	578.92
2236	0.0	0.0	0.0	942.3	54.15
2237	2.3288	1.59375	1.59375	802.05	559.09
2238	5.0790500000000005	2.7237	2.7237	717.69	832.08
2239	1.9892	3.0329	3.0329	409.08	917.91
2240	0.0	0.0	0.0	1005.9	122.98
2241	0.0	4.4927	4.4927	253.04	796.94
2242	2.3513	2.7028	2.7028	644.27	894.2
2243	2.5916	2.1898	2.1898	304.99	218.98
2244	1.9665	0.0	0.0	769.96	93.49
2245	2.0896	4.21765	4.21765	798.02	383.45
2246	1.40885	2.6201	2.6201	741.02	845.23
2247	2.627	3.3868	3.3868	639.93	146.96
2248	3.80625	3.0429	3.0429	895.32	430.07
2249	0.0	5.1007	5.1007	499.25	649.35
2250	1.335	2.8493500000000003	2.8493500000000003	793.4	705.24
2251	2.5756	4.14185	4.14185	763.0	457.29
2252	1.82715	2.10615	2.10615	798.0	258.11
2253	0.0	0.0	0.0	948.05	874.93
2254	3.3999	2.69785	2.69785	199.09	215.67
2255	2.4185	1.7448	1.7448	796.45	505.91
2256	0.0	0.0	0.0	1005.9	122.98
2257	0.0	0.0	0.0	805.75	69.45
2258	3.2237	3.4554	3.4554	820.26	240.07
2259	0.0	0.0	0.0	690.23	91.14
2260	0.0	0.0	0.0	72.08	170.95
2261	1.95985	2.4409	2.4409	934.25	387.88
2262	2.658	5.163600000000001	5.163600000000001	521.98	897.27
2263	0.0	0.0	0.0	951.47	146.5
2264	2.8409500000000003	1.79205	1.79205	576.95	838.65
2265	0.0	0.1886499999999999	0.1886499999999999	344.09	268.08
2266	0.0	0.0	0.0	236.99	53.07
2267	0.0	0.0	0.0	496.25	31.02
2268	2.60195	4.1622	4.1622	763.01	457.34
2269	1.8106	1.1709	1.1709	647.08	101.54
2270	1.0607	0.92145	0.92145	245.02	912.89
2271	0.0	0.0	0.0	686.1	612.09
2272	0.0	4.6833	4.6833	701.0	651.43
2273	2.771	4.0297	4.0297	489.84	217.97
2274	0.0	0.0	0.0	521.88	993.84
2275	1.0607	0.95325	0.95325	245.02	912.9
2276	2.3336	2.5542	2.5542	335.32	499.11
2277	1.7161499999999998	4.1425	4.1425	170.99	514.24
2278	0.0	0.0	0.0	465.05	85.38
2279	3.0009	2.909	2.909	366.4	664.85
2280	1.0552	1.6654	1.6654	885.81	165.24
2281	0.0	0.0	0.0	921.05	34.33
2282	1.9948	3.9932	3.9932	858.99	127.32
2283	0.0	0.0	0.0	307.52	976.0
2284	3.28095	1.86435	1.86435	933.21	303.25
2285	2.3735	0.0	0.0	95.9	599.13
2286	3.2041500000000003	1.67645	1.67645	672.13	600.48
2287	3.1637	2.8308	2.8308	406.1	784.01
2288	0.0	0.0	0.0	820.85	1004.39
2289	0.0	0.9977	0.9977	696.44	470.87
2290	0.0	0.0	0.0	408.54	38.53
2291	0.23225	1.86785	1.86785	936.97	451.05
2292	2.6525	1.726	1.726	764.95	977.6
2293	1.6836	3.1668	3.1668	654.97	412.49
2294	2.4822	2.4048	2.4048	123.1	759.68
2295	0.0	0.0	0.0	1004.48	840.94
2296	2.0935	3.4822	3.4822	587.28	163.1
2297	3.9186	0.0	0.0	362.98	270.26
2298	2.8478	3.0709	3.0709	682.04	862.51
2299	0.0	0.0	0.0	476.88	57.9
2300	1.3064	3.4307	3.4307	570.54	673.02
2301	3.7096	0.0	0.0	198.58	812.92
2302	0.0	0.0	0.0	940.21	15.05
2303	0.0	0.0	0.0	89.59	136.27
2304	3.4581	2.24	2.24	520.13	731.04
2305	0.0	0.0	0.0	722.81	41.82
2306	1.1816	0.0	0.0	693.5	750.02
2307	2.79985	5.1871	5.1871	309.88	693.45
2308	3.2703	3.7686	3.7686	614.99	248.48
2309	0.4534	4.14115	4.14115	546.1	198.01
2310	1.85005	2.8049	2.8049	619.71	552.07
2311	3.2301	2.60105	2.60105	703.5	775.48
2312	0.0	0.0	0.0	989.06	321.97
2313	2.9867	2.277	2.277	365.76	140.12
2314	0.98525	0.0	0.0	53.49	702.0
2315	4.0676	2.1339	2.1339	787.0	962.49
2316	0.0	0.0	0.0	951.09	773.84
2317	2.8149	2.6067	2.6067	366.51	664.57
2318	0.0	0.0	0.0	154.8	42.94
2319	4.8609	1.6837	1.6837	786.45	325.09
2320	0.0	0.0	0.0	685.5	985.81
2321	0.0	0.0	0.0	514.03	569.02
2322	1.6103	0.054	0.054	892.97	414.32
2323	2.31905	2.5844	2.5844	602.06	231.67
2324	0.0	0.0	0.0	979.68	967.12
2325	0.0	4.7249	4.7249	378.86	817.08
2326	0.0	2.8009500000000003	2.8009500000000003	788.04	770.26
2327	2.57565	5.25485	5.25485	288.34	619.74
2328	0.0	0.0	0.0	401.01	559.02
2329	0.0	0.0	0.0	48.23	233.92
2330	5.26285	0.8692	0.8692	527.99	659.28
2331	0.0	4.74655	4.74655	718.78	374.6
2332	2.3934	2.2167	2.2167	687.26	950.91
2333	0.0	0.0	0.0	503.48	910.44
2334	0.0	0.0	0.0	480.54	384.12
2335	0.4848	0.0	0.0	454.49	962.41
2336	2.20145	1.5652	1.5652	422.01	675.93
2337	3.0779	6.9624	6.9624	696.21	757.3
2338	1.7305	3.00505	3.00505	237.0	903.0
2339	0.9179	2.4328000000000003	2.4328000000000003	261.96	904.9
2340	2.4395	0.0	0.0	401.37	538.06
2341	0.0	5.597200000000001	5.597200000000001	510.98	301.92
2342	2.1052	0.0	0.0	735.99	194.04
2343	0.0	0.0	0.0	909.74	25.8
2344	4.837	0.6895	0.6895	794.01	98.03
2345	4.98825	5.186999999999999	5.186999999999999	360.97	791.36
2346	1.6793	1.8685	1.8685	706.13	834.22
2347	0.7342	0.0	0.0	179.19	399.38
2348	0.0	0.0	0.0	1003.02	195.96
2349	0.0	0.0	0.0	69.39	868.24
2350	0.0	3.6792	3.6792	549.2	379.4
2351	0.0	0.0	0.0	198.0	65.39
2352	0.0	2.3344	2.3344	131.08	583.03
2353	0.0	0.0	0.0	580.45	500.1
2354	0.0	3.5506	3.5506	160.6	389.25
2355	4.2839	0.0	0.0	832.81	154.66
2356	1.38315	2.6945	2.6945	823.52	599.05
2357	2.6775	2.0842	2.0842	420.14	797.9
2358	0.0	0.0	0.0	957.36	839.0
2359	2.8947	0.0	0.0	255.23	698.32
2360	0.9187	0.0	0.0	252.08	632.01
2361	0.0	4.8079	4.8079	382.82	550.2
2362	0.0	0.0	0.0	767.08	242.18
2363	0.0	1.4298	1.4298	841.07	457.67
2364	0.0	0.0	0.0	763.27	630.91
2365	1.9827	2.2579	2.2579	920.0	639.97
2366	4.4199	0.0	0.0	327.03	198.98
2367	1.7039	2.7204	2.7204	525.95	702.57
2368	1.899	5.0973	5.0973	685.89	254.06
2369	0.0	1.37765	1.37765	911.49	750.91
2370	1.9765	0.71425	0.71425	327.09	558.97
2371	1.9916	0.0	0.0	148.48	453.58
2372	2.0065	4.268800000000001	4.268800000000001	775.01	593.72
2373	0.0	3.65545	3.65545	325.75	551.75
2374	4.2105	4.0657	4.0657	636.0	932.97
2375	1.0264	4.73915	4.73915	382.58	314.16
2376	4.28785	0.0	0.0	255.03	698.56
2377	3.57205	2.5342	2.5342	223.83	239.61
2378	3.6876	3.0895	3.0895	299.08	251.03
2379	3.32125	1.0889	1.0889	191.51	315.55
2380	1.665	3.05575	3.05575	782.52	553.54
2381	2.2477	3.3953	3.3953	569.22	143.22
2382	0.0	0.0	0.0	517.56	541.0
2383	2.95445	0.0	0.0	923.79	352.6
2384	5.8855	0.0	0.0	483.25	289.9
2385	0.0	0.8129	0.8129	735.67	273.78
2386	2.2698	1.68245	1.68245	619.87	542.64
2387	0.0	0.0	0.0	90.23	32.24
2388	2.6536	2.787	2.787	904.98	459.16
2389	2.3185	0.0	0.0	493.99	178.52
2390	2.01745	2.3326	2.3326	309.36	521.93
2391	0.0	0.0	0.0	961.79	575.97
2392	2.4827000000000004	4.815	4.815	565.77	850.92
2393	0.0	0.5925	0.5925	750.7	798.82
2394	3.05745	2.58845	2.58845	877.28	820.01
2395	1.2668	1.0671	1.0671	294.72	708.92
2396	2.9174	0.0	0.0	428.35	915.31
2397	0.0	0.0	0.0	953.97	643.89
2398	6.395899999999999	0.0	0.0	736.0	178.55
2399	2.49	3.71645	3.71645	898.85	686.92
2400	1.65955	3.88315	3.88315	843.44	398.06
2401	0.0	0.0	0.0	497.26	998.62
2402	1.6445	2.16005	2.16005	584.97	746.69
2403	0.0	0.0	0.0	160.12	79.74
2404	1.8325	2.5472	2.5472	149.66	649.29
2405	0.0	0.0	0.0	954.45	726.96
2406	3.17105	2.21925	2.21925	356.9	818.48
2407	2.9014	0.0	0.0	733.21	977.7
2408	0.0	0.0	0.0	848.93	61.94
2409	2.55115	3.8183	3.8183	183.65	663.47
2410	5.6747	2.692	2.692	964.07	496.96
2411	0.0	0.0	0.0	42.46	532.5
2412	0.0	0.0	0.0	53.93	74.56
2413	4.35155	2.1951	2.1951	101.92	403.07
2414	3.05745	3.0924	3.0924	120.86	697.26
2415	0.0	0.0	0.0	974.92	492.98
2416	4.0192	3.027	3.027	558.05	817.58
2417	0.0	0.0	0.0	475.94	887.69
2418	2.5468	6.4011	6.4011	663.94	317.64
2419	4.14545	3.79005	3.79005	350.62	903.88
2420	0.0	0.0	0.0	38.39	483.5
2421	0.0	0.0	0.0	39.28	484.01
2422	2.6811	3.8968	3.8968	583.11	435.63
2423	0.0	0.0	0.0	970.14	957.53
2424	0.0	0.0	0.0	994.87	13.63
2425	1.1871	2.4629	2.4629	39.69	720.47
2426	0.0	0.0	0.0	217.5	980.57
2427	0.0	0.0	0.0	969.21	958.19
2428	0.0	0.0	0.0	966.4	967.41
2429	0.0	0.0	0.0	786.42	999.54
2430	0.0	0.0	0.0	82.64	958.74
2431	0.0	0.0	0.0	948.48	998.87
2432	0.0	0.0	0.0	1000.96	872.03
2433	0.0	0.0	0.0	47.28	181.45
2434	5.96705	3.3704	3.3704	158.05	806.11
2435	0.0	0.0	0.0	967.93	853.73
2436	0.0	4.0336	4.0336	926.95	898.45
2437	4.4541	3.7978	3.7978	838.76	948.09
2438	0.0	0.0	0.0	998.97	898.03
2439	0.0	0.0	0.0	965.4	912.39
2440	3.5995	2.8508	2.8508	825.78	769.79
2441	2.93435	3.14725	3.14725	910.43	685.4
2442	2.3829	3.3086	3.3086	881.87	882.26
2443	0.0	6.6017	6.6017	930.12	794.92
2444	2.3883	3.4381	3.4381	852.79	899.13
2445	3.0391	6.5281	6.5281	70.08	704.65
2446	0.0	0.0	0.0	982.32	842.67
2447	4.2065	5.5042	5.5042	249.54	416.88
2448	0.0	0.0	0.0	846.97	1008.28
2449	0.0	0.0	0.0	947.19	815.32
2450	0.0	0.0	0.0	940.21	914.93
2451	0.0	0.0	0.0	966.33	966.21
2452	0.0	0.0	0.0	947.5	960.04
2453	5.212	3.43455	3.43455	196.88	102.62
2454	1.727	2.9254	2.9254	606.91	827.15
2455	0.0	0.0	0.0	40.69	229.55
2456	2.4571	1.1944	1.1944	796.45	981.59
2457	2.2895	2.21655	2.21655	371.84	950.12
2458	0.0	0.0	0.0	867.96	987.09
2459	0.0	0.0	0.0	431.03	1003.01
2460	3.23135	3.9774	3.9774	213.33	435.99
2461	3.2185	2.40965	2.40965	778.02	893.7
2462	0.0	0.0	0.0	909.97	981.94
2463	0.0	0.0	0.0	970.24	682.25
2464	0.0	0.0	0.0	39.35	918.31
2465	4.030950000000001	4.5775500000000005	4.5775500000000005	819.69	815.7
2466	1.3601	1.1634	1.1634	894.07	908.61
2467	3.5104	2.1807	2.1807	575.63	656.77
2468	0.0	0.0	0.0	461.86	962.35
2469	0.0	0.0	0.0	33.98	265.42
2470	2.5204	3.31705	3.31705	868.59	791.23
2471	2.8755	0.0	0.0	178.93	154.39
2472	0.0	0.0	0.0	837.68	70.28
2473	2.6983	0.3513	0.3513	710.04	593.95
2474	2.2891	0.0	0.0	642.16	183.67
2475	4.41345	6.7621	6.7621	735.02	700.34
2476	0.0	0.0	0.0	1000.91	921.97
2477	5.4102	3.8126	3.8126	677.07	673.68
2478	1.5154	0.0	0.0	635.41	401.79
2479	2.9461500000000003	5.6569	5.6569	805.72	393.96
2480	6.42435	6.1624	6.1624	619.27	502.62
2481	7.142049999999999	1.7362	1.7362	270.46	405.21
2482	0.0	0.0	0.0	1003.18	947.8
2483	4.2198	2.877	2.877	87.86	663.98
2484	0.0	0.0	0.0	34.0	432.0
2485	0.0	0.0	0.0	997.95	699.6
2486	2.3352500000000003	2.8526	2.8526	720.01	573.57
2487	0.0	0.0	0.0	998.6	908.05
2488	3.1892	2.7995	2.7995	539.62	475.98
2489	0.0	0.0	0.0	41.18	457.71
2490	0.0	0.0	0.0	63.33	151.35
2491	0.0	0.0	0.0	44.09	965.18
2492	5.7272	5.4356	5.4356	923.51	788.25
2493	0.0	0.0	0.0	56.86	280.75
2494	0.0	0.0	0.0	47.35	521.29
2495	1.9663	1.9474	1.9474	905.43	135.02
2496	0.0	0.0	0.0	47.0	605.45
2497	2.6872	2.1891	2.1891	50.36	797.19
2498	0.0	0.0	0.0	963.38	73.28
2499	3.2903	4.9389	4.9389	400.49	183.46
2500	0.0	0.0	0.0	16.22	33.89
2501	0.0	0.0	0.0	35.89	31.8
2502	2.87215	6.0606	6.0606	471.34	339.49
2503	0.0	0.0	0.0	32.92	358.92
2504	7.1777	3.5922	3.5922	197.88	102.53
2505	6.18685	3.75525	3.75525	813.48	940.59
2506	0.0	0.0	0.0	360.44	979.31
2507	0.0	0.0	0.0	515.38	980.95
2508	0.0	0.5957	0.5957	39.31	732.44
