star	x_fwhm	y_fwhm	avg_fwhm
1	3.4093999999999998	3.1805	3.1805
2	2.773	2.6486	2.6486
3	2.76135	2.7361	2.7361
4	2.6278	2.6043	2.6043
5	2.8152	2.7221	2.7221
6	2.8406	2.8419	2.8419
7	2.6145	2.6302000000000003	2.6302000000000003
8	2.6084	2.6449	2.6449
9	2.7176	2.6812	2.6812
10	2.6006	2.6662	2.6662
11	2.67155	2.7847	2.7847
12	2.79305	2.6953	2.6953
13	2.8255	2.9401	2.9401
14	2.8425	2.6914	2.6914
15	2.53245	2.5686	2.5686
16	2.73185	2.7752	2.7752
17	2.8901	2.6864	2.6864
18	2.9015	2.8261	2.8261
19	2.7057	2.7568	2.7568
20	0.0	0.0	0.0
21	2.6721	2.8115	2.8115
22	2.7009	2.8959	2.8959
23	2.789	2.8079	2.8079
24	3.0383	2.9112	2.9112
25	2.67595	2.6997	2.6997
26	3.094	2.8748	2.8748
27	2.70785	2.9034	2.9034
28	2.8299000000000003	2.67185	2.67185
29	2.6721	2.6862	2.6862
30	2.6503	2.71995	2.71995
31	2.6642	2.7539	2.7539
32	2.6558	2.6751	2.6751
33	2.69545	2.7356	2.7356
34	2.725	2.6420000000000003	2.6420000000000003
35	2.9498499999999996	2.8315	2.8315
36	2.72215	2.64705	2.64705
37	2.7383	2.7682	2.7682
38	2.7043	2.7219499999999996	2.7219499999999996
39	2.6281	2.6844	2.6844
40	2.7733	2.74625	2.74625
41	2.6993	2.72985	2.72985
42	2.7599	2.6831	2.6831
43	2.8924	2.872	2.872
44	2.6425	2.7518	2.7518
45	2.8311	2.7488	2.7488
46	3.6599	3.5505	3.5505
47	2.7311	2.8804	2.8804
48	2.6429	2.7288	2.7288
49	2.6716	2.7038	2.7038
50	3.5091	2.7397	2.7397
51	2.81555	2.70045	2.70045
52	2.6807	2.7603999999999997	2.7603999999999997
53	2.6769	2.6825	2.6825
54	2.8754	2.6862	2.6862
55	2.6595	2.7964	2.7964
56	2.8353	2.8116	2.8116
57	2.6772	2.7098	2.7098
58	0.0	0.0	0.0
59	2.3810000000000002	2.4226	2.4226
60	2.80445	3.3327	3.3327
61	2.6481	2.682	2.682
62	2.6927	2.678	2.678
63	0.0	0.0	0.0
64	0.0	0.0	0.0
65	2.65235	2.7152	2.7152
66	2.9899500000000003	3.08005	3.08005
67	1.9586999999999999	2.22395	2.22395
68	2.8609	2.71575	2.71575
69	2.66495	2.7856	2.7856
70	2.6287	2.70315	2.70315
71	2.7954499999999998	2.7634	2.7634
72	2.6533	2.8253	2.8253
73	2.6974	2.73615	2.73615
74	2.7682	2.7115	2.7115
75	2.7299	2.6734	2.6734
76	2.69245	2.6916	2.6916
77	2.7058	2.7075	2.7075
78	2.80595	2.91965	2.91965
79	2.6433	2.7003500000000003	2.7003500000000003
80	2.6986	2.9011	2.9011
81	0.0	0.0	0.0
82	2.6772	2.6026	2.6026
83	2.812	2.727	2.727
84	2.9546	3.46	3.46
85	2.4543	2.5532	2.5532
86	2.7661499999999997	2.7162	2.7162
87	2.6698	2.7528	2.7528
88	2.7431	3.4176	3.4176
89	2.686	2.7261	2.7261
90	2.843	2.8200000000000003	2.8200000000000003
91	2.7915	2.7675	2.7675
92	2.7217000000000002	2.6955999999999998	2.6955999999999998
93	2.7441	2.87695	2.87695
94	2.6839	2.8362	2.8362
95	2.7479500000000003	2.9473000000000003	2.9473000000000003
96	2.5915	2.6798	2.6798
97	2.9437	2.8463	2.8463
98	2.8414	2.762	2.762
99	2.6191	2.7714499999999997	2.7714499999999997
100	0.0	0.0	0.0
101	2.7069	2.8589	2.8589
102	2.7407	2.90975	2.90975
103	2.5676	2.6711	2.6711
104	2.7798499999999997	2.8738	2.8738
105	2.5918	2.56625	2.56625
106	4.13885	2.87075	2.87075
107	0.0	0.0	0.0
108	2.9671	2.6606500000000004	2.6606500000000004
109	2.6768	2.7539	2.7539
110	3.1361	2.6821	2.6821
111	2.5744	2.30625	2.30625
112	2.8341	2.6535	2.6535
113	2.7382	2.8145	2.8145
114	2.88125	2.7805999999999997	2.7805999999999997
115	2.7919	3.01685	3.01685
116	2.7349	2.5346	2.5346
117	2.6674	2.6865	2.6865
118	2.7635	2.959	2.959
119	2.78595	2.97095	2.97095
120	2.77475	2.6379	2.6379
121	2.7572	2.7294	2.7294
122	2.8533	2.6241	2.6241
123	2.7466	2.8506	2.8506
124	2.8462	2.88865	2.88865
125	2.5353	2.58465	2.58465
126	2.9184	2.8474500000000003	2.8474500000000003
127	0.0	0.0	0.0
128	2.9693	2.9438	2.9438
129	2.6372	2.7747	2.7747
130	2.82085	2.85485	2.85485
131	0.0	0.0	0.0
132	0.0	0.0	0.0
133	2.6752	2.4568	2.4568
134	2.7398	2.6766	2.6766
135	0.0	0.0	0.0
136	2.7763999999999998	2.6423	2.6423
137	2.8591	2.90785	2.90785
138	3.2948	5.6165	5.6165
139	0.0	0.0	0.0
140	3.1976	2.7307	2.7307
141	2.7164	2.7009	2.7009
142	2.5656	2.77735	2.77735
143	2.69175	2.6178	2.6178
144	0.0	2.0018	2.0018
145	2.8311	2.7607	2.7607
146	2.8203500000000004	3.4709	3.4709
147	2.7735	2.8569	2.8569
148	2.5785	0.0	0.0
149	3.0479	2.9827000000000004	2.9827000000000004
150	2.8671499999999996	2.77265	2.77265
151	3.054	2.9827000000000004	2.9827000000000004
152	3.3819	3.3436	3.3436
153	2.719	2.8895	2.8895
154	2.6936	2.6535	2.6535
155	2.66585	2.7172	2.7172
156	2.79455	2.7169	2.7169
157	2.8801	2.7406	2.7406
158	2.78615	2.9265	2.9265
159	2.7465	2.70335	2.70335
160	2.703	2.9804500000000003	2.9804500000000003
161	3.0798	2.7108	2.7108
162	3.0605	2.5425	2.5425
163	3.06625	2.88065	2.88065
164	2.8434	2.82185	2.82185
165	2.782	2.6624	2.6624
166	2.728	2.90205	2.90205
167	2.8342	2.9394	2.9394
168	3.2406	3.2178	3.2178
169	1.9304999999999999	2.17865	2.17865
170	2.6826	2.8048	2.8048
171	2.8211500000000003	3.0340999999999996	3.0340999999999996
172	2.9986	2.6559999999999997	2.6559999999999997
173	3.0419	2.906	2.906
174	3.0022	3.5909	3.5909
175	3.15605	2.8967	2.8967
176	2.7463	2.5363499999999997	2.5363499999999997
177	0.0	0.0	0.0
178	2.71155	2.8199	2.8199
179	0.0	0.0	0.0
180	2.8156	2.7921	2.7921
181	2.8454	2.8938	2.8938
182	2.7999	2.8018	2.8018
183	0.0	0.0	0.0
184	3.0567	2.7577	2.7577
185	2.8081	2.9076	2.9076
186	2.6582999999999997	2.6233	2.6233
187	2.8371	2.86585	2.86585
188	0.0	0.0	0.0
189	2.8734	2.7125	2.7125
190	2.7918	3.2494	3.2494
191	0.0	0.0	0.0
192	0.0	0.0	0.0
193	2.6429	2.8449999999999998	2.8449999999999998
194	2.5739	3.0692500000000003	3.0692500000000003
195	2.7016	4.14325	4.14325
196	2.73445	2.97285	2.97285
197	3.1548499999999997	2.5506	2.5506
198	2.66395	2.83595	2.83595
199	2.725	2.6592	2.6592
200	0.0	0.0	0.0
201	2.8709	2.9286	2.9286
202	3.3931	2.72465	2.72465
203	2.6766	2.6656	2.6656
204	3.1675500000000003	2.7350000000000003	2.7350000000000003
205	3.5943	2.65955	2.65955
206	0.0	0.0	0.0
207	3.68045	2.8609999999999998	2.8609999999999998
208	0.0	0.0	0.0
209	2.66205	3.047	3.047
210	0.0	0.0	0.0
211	2.5565	2.7282	2.7282
212	2.7266	2.7752499999999998	2.7752499999999998
213	2.7316	2.82385	2.82385
214	0.0	0.0	0.0
215	2.6974	2.7888	2.7888
216	2.7445500000000003	2.7332	2.7332
217	2.7925	3.2515	3.2515
218	0.0	1.7957	1.7957
219	2.6984	2.7817	2.7817
220	2.7418	2.7975	2.7975
221	3.25045	3.4469	3.4469
222	2.8516500000000002	2.8238000000000003	2.8238000000000003
223	2.61585	2.8813	2.8813
224	2.6183	2.6959	2.6959
225	2.8486	3.8328499999999996	3.8328499999999996
226	2.7334	2.9025	2.9025
227	2.651	2.7544	2.7544
228	2.8395	2.7218999999999998	2.7218999999999998
229	3.52445	2.7489	2.7489
230	2.97485	2.7180999999999997	2.7180999999999997
231	2.4138	2.40755	2.40755
232	2.5118	2.7579000000000002	2.7579000000000002
233	2.4458	2.3982	2.3982
234	2.509	2.7031	2.7031
235	2.75035	2.6698	2.6698
236	2.7215	2.83675	2.83675
237	2.77875	2.9514	2.9514
238	2.8404	2.7754	2.7754
239	3.2496	3.2069	3.2069
240	2.9806	3.2426500000000003	3.2426500000000003
241	2.9958	2.7721	2.7721
242	2.633	2.7462	2.7462
243	2.86145	2.6527	2.6527
244	2.58955	2.7097	2.7097
245	2.7791	2.8574	2.8574
246	3.1199	3.0452	3.0452
247	2.6112	2.8984	2.8984
248	2.6496	2.91975	2.91975
249	2.6622	2.77265	2.77265
250	2.56575	2.837	2.837
251	2.7144000000000004	2.9409	2.9409
252	2.7161	2.9019	2.9019
253	2.60335	2.6015	2.6015
254	2.73025	3.018	3.018
255	2.8185	2.8164	2.8164
256	3.4177	2.9913	2.9913
257	2.7958	2.79525	2.79525
258	2.7342	2.72075	2.72075
259	2.6697	2.9251	2.9251
260	2.7247	2.9705	2.9705
261	3.5486500000000003	2.6757	2.6757
262	2.5236	2.6472	2.6472
263	3.4063	2.7634999999999996	2.7634999999999996
264	2.0302499999999997	2.4246	2.4246
265	3.3165	4.2317	4.2317
266	2.9789	3.0904	3.0904
267	2.6927000000000003	2.6902999999999997	2.6902999999999997
268	3.2052	2.7243	2.7243
269	2.874	3.0929	3.0929
270	2.7157	2.8686	2.8686
271	2.92285	2.7049	2.7049
272	1.36215	2.1434	2.1434
273	2.4556	2.5543	2.5543
274	2.45695	2.5676	2.5676
275	0.0	0.0	0.0
276	2.92335	3.1782	3.1782
277	2.6886	3.1497	3.1497
278	0.0	0.0	0.0
279	2.6414	2.5319	2.5319
280	3.3131	4.922	4.922
281	2.8598999999999997	2.5748	2.5748
282	2.647	2.5907999999999998	2.5907999999999998
283	3.6906	2.9347	2.9347
284	2.575	2.72025	2.72025
285	4.3962	3.0095	3.0095
286	2.9044	2.8836	2.8836
287	2.511	2.7546	2.7546
288	2.5993	2.6044	2.6044
289	2.7235	2.72615	2.72615
290	2.7422	2.9089	2.9089
291	2.7433	2.7513	2.7513
292	2.7091000000000003	2.74725	2.74725
293	0.0	0.0	0.0
294	2.63225	2.5411	2.5411
295	0.0	0.0	0.0
296	3.7154	3.4283	3.4283
297	2.7094	2.8843	2.8843
298	2.8359	3.4994	3.4994
299	3.3131	5.2385	5.2385
300	2.7419	2.8129	2.8129
301	3.1567	3.07065	3.07065
302	0.0	0.0	0.0
303	2.7164	2.63335	2.63335
304	3.8386	2.6422499999999998	2.6422499999999998
305	2.4101	2.4241	2.4241
306	2.5913000000000004	2.9066	2.9066
307	3.7499	2.744	2.744
308	3.379	2.7413	2.7413
309	0.0	0.0	0.0
310	2.2606	0.0	0.0
311	4.217	3.6605499999999997	3.6605499999999997
312	0.0	0.0	0.0
313	2.6332	2.62105	2.62105
314	0.0	0.0	0.0
315	3.1236499999999996	2.52035	2.52035
316	2.61515	3.0055	3.0055
317	3.4237	3.7073	3.7073
318	2.6662	2.8042	2.8042
319	2.4551999999999996	2.6535	2.6535
320	2.7075	2.92185	2.92185
321	2.67055	3.01795	3.01795
322	3.104	3.8049	3.8049
323	3.1804	2.8023	2.8023
324	1.99435	2.2606	2.2606
325	3.029	2.8797	2.8797
326	3.0431	2.641	2.641
327	4.0797	3.0441	3.0441
328	0.0	0.0	0.0
329	2.63155	2.7684	2.7684
330	2.7932	2.7355	2.7355
331	2.7954	2.6793	2.6793
332	2.6937	2.49055	2.49055
333	3.1373	3.0376	3.0376
334	0.0	0.0	0.0
335	0.0	0.0	0.0
336	0.0	0.0	0.0
337	0.0	0.0	0.0
338	2.6133	2.6032	2.6032
339	3.1021	2.579	2.579
340	3.07845	2.6917	2.6917
341	0.0	0.0	0.0
342	2.6068499999999997	2.3895	2.3895
343	0.0	0.0	0.0
344	2.83225	3.3269	3.3269
345	2.8674	2.7882	2.7882
346	0.0	0.0	0.0
347	2.8697	2.4794	2.4794
348	2.6776	2.6106	2.6106
349	3.4307	2.7456	2.7456
350	2.4901	2.3965	2.3965
351	3.0624000000000002	2.66195	2.66195
352	2.9388	2.7723	2.7723
353	3.34685	2.6055	2.6055
354	0.0	0.0	0.0
355	2.7801	3.0951	3.0951
356	2.1215	2.9622	2.9622
357	2.8678	3.60215	3.60215
358	2.591	2.5161	2.5161
359	2.7931	2.99775	2.99775
360	3.4879	3.29585	3.29585
361	0.0	0.0	0.0
362	3.09875	3.0627	3.0627
363	3.15655	2.5091	2.5091
364	3.1092	2.8024	2.8024
365	2.5814	2.7191	2.7191
366	2.5011	3.14765	3.14765
367	2.7327500000000002	2.7708	2.7708
368	2.49905	3.0090500000000002	3.0090500000000002
369	2.9566	3.0567	3.0567
370	0.0	0.0	0.0
371	2.80635	3.0405	3.0405
372	2.91675	2.5846999999999998	2.5846999999999998
373	3.0005499999999996	2.6622000000000003	2.6622000000000003
374	0.0	0.0	0.0
375	2.7895	2.51545	2.51545
376	2.724	2.8478	2.8478
377	2.95825	2.6683	2.6683
378	4.62055	2.5848	2.5848
379	2.5117	2.5821	2.5821
380	2.7204	2.83415	2.83415
381	0.0	0.0	0.0
382	2.8474	3.09225	3.09225
383	2.7543	2.8379	2.8379
384	4.0833	4.3334	4.3334
385	2.66205	3.2369	3.2369
386	2.6414	2.6608	2.6608
387	2.7433500000000004	2.7782999999999998	2.7782999999999998
388	0.0	5.588150000000001	5.588150000000001
389	0.0	0.0	0.0
390	2.6335	2.6288	2.6288
391	2.61455	3.3232	3.3232
392	2.63845	3.3278999999999996	3.3278999999999996
393	2.7854	2.90035	2.90035
394	0.0	5.8643	5.8643
395	2.6719	2.9686	2.9686
396	3.1867	2.9418	2.9418
397	2.9758	4.3932	4.3932
398	3.2746	2.8022	2.8022
399	2.7224	3.2075	3.2075
400	2.7904	3.21	3.21
401	0.0	0.0	0.0
402	2.47895	2.7203999999999997	2.7203999999999997
403	3.0505	2.6591	2.6591
404	2.4368	3.33875	3.33875
405	0.0	0.0	0.0
406	2.4438	3.3498	3.3498
407	2.5684	2.4701500000000003	2.4701500000000003
408	0.0	0.0	0.0
409	2.71245	2.6125499999999997	2.6125499999999997
410	3.33695	2.9629	2.9629
411	3.1929	2.91195	2.91195
412	3.2542	2.94465	2.94465
413	2.284	2.33075	2.33075
414	2.6323	2.6112	2.6112
415	0.0	0.0	0.0
416	2.7879	3.22755	3.22755
417	2.13655	2.0056	2.0056
418	4.1335	2.7848	2.7848
419	0.0	0.0	0.0
420	4.7738	4.845	4.845
421	3.1255	3.3106999999999998	3.3106999999999998
422	5.058	2.8324	2.8324
423	3.4708	4.64795	4.64795
424	0.0	0.0	0.0
425	0.0	7.28895	7.28895
426	0.0	0.0	0.0
427	0.0	7.3741	7.3741
428	2.7163	3.3209999999999997	3.3209999999999997
429	0.0	0.0	0.0
430	2.7395500000000004	2.88645	2.88645
431	0.0	0.0	0.0
432	4.779	4.7527	4.7527
433	0.0	0.0	0.0
434	4.8356	4.9108	4.9108
435	0.0	0.0	0.0
436	2.6549	2.6174	2.6174
437	2.7945	3.216	3.216
438	2.9868	2.7143499999999996	2.7143499999999996
439	2.60725	2.9605	2.9605
440	2.9184	3.3486	3.3486
441	2.6021	2.5487	2.5487
442	5.14745	3.1381	3.1381
443	3.2504	2.7164	2.7164
444	2.5428	3.24395	3.24395
445	5.10175	3.1309	3.1309
446	2.50975	2.69275	2.69275
447	0.0	0.0	0.0
448	0.0	0.0	0.0
449	2.61045	2.99985	2.99985
450	2.79285	2.8848	2.8848
451	2.81785	2.5553	2.5553
452	3.6994	2.3707	2.3707
453	2.7286	2.8341	2.8341
454	3.6217	3.44665	3.44665
455	2.9427	2.6926	2.6926
456	3.268	2.6386	2.6386
457	5.1835	2.8014	2.8014
458	0.0	0.0	0.0
459	5.1919	3.12315	3.12315
460	3.78325	2.72515	2.72515
461	2.561	3.3268	3.3268
462	2.6681	3.37035	3.37035
463	2.809	2.79135	2.79135
464	0.0	3.14425	3.14425
465	2.76835	2.5534	2.5534
466	2.9762	3.6633	3.6633
467	2.5625999999999998	3.5258	3.5258
468	3.24435	2.54345	2.54345
469	0.0	0.0	0.0
470	3.07865	3.1530500000000004	3.1530500000000004
471	0.0	0.0	0.0
472	3.3967	2.6015	2.6015
473	0.0	0.0	0.0
474	4.3365	2.93335	2.93335
475	2.8499499999999998	2.6623	2.6623
476	2.66675	3.22905	3.22905
477	2.9802	2.7374	2.7374
478	3.5610999999999997	2.92725	2.92725
479	3.21115	4.251	4.251
480	2.7443	2.7608	2.7608
481	2.6006	3.02765	3.02765
482	2.61655	2.6957	2.6957
483	0.0	0.0	0.0
484	2.8564	3.3874500000000003	3.3874500000000003
485	2.6383	2.6144	2.6144
486	2.761	2.5660999999999996	2.5660999999999996
487	0.0	0.0	0.0
488	0.0	0.0	0.0
489	2.5469	2.5919	2.5919
490	2.9101	2.5876	2.5876
491	2.7423	3.0112	3.0112
492	0.0	0.0	0.0
493	2.81625	3.762	3.762
494	0.0	0.0	0.0
495	3.2324	2.9363	2.9363
496	2.70575	2.5923	2.5923
497	2.7904	2.795	2.795
498	2.846	2.9367	2.9367
499	2.2478499999999997	2.25135	2.25135
500	2.529	2.29925	2.29925
501	2.9958	3.2433	3.2433
502	0.0	0.0	0.0
503	3.2702	3.73095	3.73095
504	3.2732	6.90025	6.90025
505	2.5654	2.44515	2.44515
506	2.80945	3.8382	3.8382
507	0.0	0.0	0.0
508	2.6663	2.6778	2.6778
509	3.8234	2.9722	2.9722
510	4.1243	3.5876	3.5876
511	2.71585	2.8828	2.8828
512	3.1265	3.01315	3.01315
513	0.0	0.0	0.0
514	2.6009	3.3005	3.3005
515	0.0	0.0	0.0
516	0.0	0.0	0.0
517	2.3276	4.1163	4.1163
518	2.58265	3.3918	3.3918
519	2.6385	2.3584	2.3584
520	3.03655	4.0907	4.0907
521	0.0	0.0	0.0
522	4.4415	2.6241	2.6241
523	0.0	0.0	0.0
524	5.7371	3.3080499999999997	3.3080499999999997
525	0.0	0.0	0.0
526	3.1732	2.2796	2.2796
527	2.52705	5.0131499999999996	5.0131499999999996
528	2.8426	2.678	2.678
529	2.9064	2.6879	2.6879
530	3.3596	2.6265	2.6265
531	5.8606	3.147	3.147
532	4.46595	2.8998	2.8998
533	2.9062	2.47755	2.47755
534	5.964	3.1471	3.1471
535	2.6183	4.11515	4.11515
536	0.0	0.0	0.0
537	0.0	0.0	0.0
538	4.45965	2.84235	2.84235
539	5.5691500000000005	5.4315999999999995	5.4315999999999995
540	3.3545	3.2612	3.2612
541	2.90525	2.7927	2.7927
542	0.0	0.0	0.0
543	2.7748	3.1676	3.1676
544	2.14955	2.01275	2.01275
545	3.0379500000000004	2.8311	2.8311
546	5.48645	4.7002	4.7002
547	3.5425	2.4092	2.4092
548	2.8474	3.0331	3.0331
549	2.5132000000000003	5.1904	5.1904
550	2.72	6.4421	6.4421
551	2.4714	5.3172	5.3172
552	3.3698	4.0729	4.0729
553	0.0	0.0	0.0
554	2.47075	5.45125	5.45125
555	2.6739	3.4498499999999996	3.4498499999999996
556	3.9883	2.5115	2.5115
557	0.0	0.0	0.0
558	2.3666	2.3678999999999997	2.3678999999999997
559	2.7731	2.7801	2.7801
560	2.644	3.2585499999999996	3.2585499999999996
561	0.0	0.0	0.0
562	2.8074	2.8888	2.8888
563	3.1654	3.31	3.31
564	2.7455	2.0866499999999997	2.0866499999999997
565	4.5183	3.0387	3.0387
566	2.7455	2.0866499999999997	2.0866499999999997
567	2.5887	3.3104	3.3104
568	0.0	0.0	0.0
569	2.4971	2.52795	2.52795
570	2.9084	2.3908	2.3908
571	0.0	0.0	0.0
572	2.74415	3.1671	3.1671
573	3.5871	2.7571000000000003	2.7571000000000003
574	2.8012	2.84125	2.84125
575	2.43335	2.20745	2.20745
576	5.0794	3.39115	3.39115
577	2.631	2.3882	2.3882
578	2.2931	2.61005	2.61005
579	2.55335	2.3206	2.3206
580	2.4339	2.76075	2.76075
581	2.7806	2.90405	2.90405
582	2.4829999999999997	2.63525	2.63525
583	3.0797	2.7723	2.7723
584	2.85515	2.9817	2.9817
585	2.58425	2.5992	2.5992
586	2.7197	5.3204	5.3204
587	5.0759	3.29225	3.29225
588	0.0	0.0	0.0
589	3.1018	2.83365	2.83365
590	0.0	0.0	0.0
591	2.627	2.4691	2.4691
592	2.6055	2.93855	2.93855
593	3.0774	2.8091	2.8091
594	0.0	0.0	0.0
595	0.0	0.0	0.0
596	2.7099	3.9447	3.9447
597	3.08155	2.6556	2.6556
598	2.7451	3.0433	3.0433
599	3.0324	2.745	2.745
600	3.1987	2.5038	2.5038
601	2.36075	2.2634	2.2634
602	4.2471	2.7775	2.7775
603	4.6227	2.4271	2.4271
604	2.6727	2.9284	2.9284
605	2.5169	2.5362	2.5362
606	3.23405	2.8754	2.8754
607	0.0	0.0	0.0
608	2.7983000000000002	3.28185	3.28185
609	3.43985	2.718	2.718
610	0.0	0.0	0.0
611	3.0561	3.296	3.296
612	2.75405	2.3314	2.3314
613	0.0	0.0	0.0
614	2.5452	2.4474	2.4474
615	4.6389	2.5073499999999997	2.5073499999999997
616	4.144	5.1337	5.1337
617	0.0	0.0	0.0
618	0.0	0.0	0.0
619	2.3586	2.8084	2.8084
620	2.788	2.3769	2.3769
621	2.6940999999999997	2.7952500000000002	2.7952500000000002
622	0.0	0.0	0.0
623	4.5802	2.5068	2.5068
624	3.02625	2.6137	2.6137
625	4.16385	2.66365	2.66365
626	2.83995	2.4606	2.4606
627	3.4612	2.6097	2.6097
628	3.0883	5.3424	5.3424
629	2.6702000000000004	2.7676499999999997	2.7676499999999997
630	3.522	3.2382	3.2382
631	3.0397	5.3424	5.3424
632	0.0	0.0	0.0
633	0.0	0.0	0.0
634	2.6612	2.84895	2.84895
635	3.553	3.7356	3.7356
636	2.4855	2.9576	2.9576
637	5.087	2.2575000000000003	2.2575000000000003
638	2.7223499999999996	3.1387	3.1387
639	4.799799999999999	4.2909	4.2909
640	3.1340000000000003	3.5131	3.5131
641	2.80265	2.8777	2.8777
642	3.1435000000000004	3.4591	3.4591
643	3.5163	3.3294499999999996	3.3294499999999996
644	0.0	0.0	0.0
645	3.69325	2.4576	2.4576
646	2.6464	2.5653	2.5653
647	0.0	0.0	0.0
648	3.87465	3.16305	3.16305
649	2.8059	2.2485	2.2485
650	3.1137	3.1423	3.1423
651	4.1248	3.3893	3.3893
652	2.5013	2.7767	2.7767
653	2.325	5.015750000000001	5.015750000000001
654	3.60095	2.7722	2.7722
655	0.0	0.0	0.0
656	2.7955	5.8858999999999995	5.8858999999999995
657	2.5486	3.5989	3.5989
658	0.0	0.0	0.0
659	0.0	0.0	0.0
660	0.0	0.0	0.0
661	3.22485	4.2397	4.2397
662	2.76405	0.0	0.0
663	3.2142	4.2666	4.2666
664	4.4241	4.8327	4.8327
665	2.7124	2.9803	2.9803
666	3.4691	3.9903	3.9903
667	3.21655	3.1132	3.1132
668	3.3759	2.3849	2.3849
669	3.1729	3.3579	3.3579
670	2.1513	2.5993000000000004	2.5993000000000004
671	0.0	0.0	0.0
672	2.71915	4.3043	4.3043
673	3.13395	4.31315	4.31315
674	0.0	0.0	0.0
675	2.6421	3.9031000000000002	3.9031000000000002
676	2.38805	2.4876500000000004	2.4876500000000004
677	4.3925	2.8662	2.8662
678	3.0318	3.29	3.29
679	2.7041000000000004	4.306649999999999	4.306649999999999
680	3.06895	2.5214	2.5214
681	2.7343	2.2994	2.2994
682	2.5776	3.0336	3.0336
683	4.444649999999999	4.93145	4.93145
684	3.5144	3.3203	3.3203
685	2.3293	2.8451	2.8451
686	2.9052	2.712	2.712
687	4.9864	3.26695	3.26695
688	2.9052	2.712	2.712
689	4.0563	3.1799999999999997	3.1799999999999997
690	3.4208499999999997	2.498	2.498
691	4.0194	3.0587	3.0587
692	2.4739	4.0957	4.0957
693	3.8055000000000003	2.7741499999999997	2.7741499999999997
694	3.10515	2.6851	2.6851
695	3.62745	3.02445	3.02445
696	2.70215	4.7395499999999995	4.7395499999999995
697	3.4835	2.97175	2.97175
698	2.5096	2.5072	2.5072
699	2.6369	2.79875	2.79875
700	0.0	0.0	0.0
701	2.4866	2.4281	2.4281
702	0.0	0.0	0.0
703	2.3975999999999997	2.6615	2.6615
704	3.0277	2.8226500000000003	2.8226500000000003
705	2.4889	2.5812	2.5812
706	2.8923	2.4148	2.4148
707	2.5468	2.62995	2.62995
708	3.8589	3.4424	3.4424
709	2.6641000000000004	2.5642500000000004	2.5642500000000004
710	2.6248	2.4808	2.4808
711	0.0	0.0	0.0
712	5.8678	3.1706	3.1706
713	0.0	0.0	0.0
714	3.3993	4.2818000000000005	4.2818000000000005
715	0.0	0.0	0.0
716	5.894500000000001	3.2206	3.2206
717	2.6174	3.9889	3.9889
718	2.58795	2.6454	2.6454
719	5.2828	3.1345	3.1345
720	3.05115	2.2939	2.2939
721	2.9793	3.44915	3.44915
722	4.208	2.8486	2.8486
723	6.5477	3.0302	3.0302
724	3.27	2.731	2.731
725	4.19775	2.8486	2.8486
726	2.5542	2.9933	2.9933
727	2.6066	3.1661	3.1661
728	2.9191000000000003	2.5604	2.5604
729	2.7917	2.1025	2.1025
730	4.0434	2.92195	2.92195
731	0.0	0.0	0.0
732	2.6296	2.626	2.626
733	3.9149000000000003	4.1867	4.1867
734	3.6676	2.6228	2.6228
735	3.4001	2.9101	2.9101
736	3.1502	2.80145	2.80145
737	2.83055	3.1003	3.1003
738	0.0	0.0	0.0
739	3.252	2.6121999999999996	2.6121999999999996
740	4.0834	2.92155	2.92155
741	4.125500000000001	3.2723	3.2723
742	3.38315	3.0300000000000002	3.0300000000000002
743	2.4809	2.49085	2.49085
744	2.9978	3.3438	3.3438
745	0.0	0.0	0.0
746	2.4496	2.5689	2.5689
747	3.10285	3.20435	3.20435
748	2.449	2.225	2.225
749	2.8108	3.2801	3.2801
750	6.56545	2.97125	2.97125
751	2.532	3.0464	3.0464
752	3.0289	3.3355	3.3355
753	3.62155	3.5331	3.5331
754	2.46585	2.8056	2.8056
755	3.5141	2.6772	2.6772
756	0.0	0.0	0.0
757	0.0	0.0	0.0
758	0.0	0.0	0.0
759	2.86005	3.2829	3.2829
760	2.9928999999999997	3.70065	3.70065
761	3.46495	2.72565	2.72565
762	2.2840499999999997	2.96455	2.96455
763	2.182	2.94855	2.94855
764	2.74845	2.39665	2.39665
765	3.6564500000000004	3.7413	3.7413
766	2.4376	2.78055	2.78055
767	2.6297	2.7225	2.7225
768	2.9703	2.349	2.349
769	3.41355	4.4513	4.4513
770	3.3682	2.3387	2.3387
771	0.0	0.0	0.0
772	3.0420999999999996	1.7264	1.7264
773	2.78005	2.8237	2.8237
774	3.4063499999999998	2.4339	2.4339
775	2.2792	2.8369999999999997	2.8369999999999997
776	2.60335	2.8777	2.8777
777	5.9472	3.1318	3.1318
778	3.1187	4.93145	4.93145
779	2.4731	2.8322	2.8322
780	0.0	0.0	0.0
781	3.1914	2.78895	2.78895
782	3.29955	2.5253500000000004	2.5253500000000004
783	0.0	0.0	0.0
784	0.0	0.0	0.0
785	0.0	0.0	0.0
786	2.8539	2.225	2.225
787	2.35105	2.85805	2.85805
788	3.32305	2.329	2.329
789	2.996	3.2201	3.2201
790	4.79055	3.26265	3.26265
791	2.199	2.1839	2.1839
792	2.61245	2.8442	2.8442
793	2.8897500000000003	2.6654	2.6654
794	2.5077	3.7138	3.7138
795	3.0294499999999998	2.2405	2.2405
796	2.327	4.45575	4.45575
797	2.5246	2.7839	2.7839
798	2.82855	2.4244	2.4244
799	0.0	0.0	0.0
800	7.3312	4.0839	4.0839
801	3.161	3.2651	3.2651
802	2.3075	3.1247	3.1247
803	2.46915	2.5962	2.5962
804	2.27035	4.63715	4.63715
805	3.63265	2.815	2.815
806	2.9624	2.3754	2.3754
807	3.3426	3.8677	3.8677
808	0.0	0.0	0.0
809	0.0	0.0	0.0
810	2.97815	3.9562	3.9562
811	3.03995	5.4115	5.4115
812	2.5236	1.6559	1.6559
813	3.0002500000000003	2.5112	2.5112
814	2.9392	3.2067	3.2067
815	0.0	0.0	0.0
816	3.3141	3.6029	3.6029
817	0.0	0.0	0.0
818	2.7666000000000004	2.7628	2.7628
819	4.4229	2.7405999999999997	2.7405999999999997
820	5.87555	3.4597	3.4597
821	0.0	0.0	0.0
822	0.0	0.0	0.0
823	0.0	0.0	0.0
824	4.0286	2.2517	2.2517
825	2.6947	2.4105	2.4105
826	4.3863	3.0019	3.0019
827	3.8428	3.9448499999999997	3.9448499999999997
828	2.9024	2.1464	2.1464
829	3.495	2.6845	2.6845
830	3.6394	3.3331999999999997	3.3331999999999997
831	6.19215	4.3338	4.3338
832	2.9364	2.7007	2.7007
833	3.6239	2.67455	2.67455
834	4.3863	3.0019	3.0019
835	2.6327499999999997	2.6643499999999998	2.6643499999999998
836	3.1164	2.5624	2.5624
837	4.9555	3.1374	3.1374
838	2.4595000000000002	2.2460500000000003	2.2460500000000003
839	2.6485	2.7402499999999996	2.7402499999999996
840	4.6626	5.815049999999999	5.815049999999999
841	2.2346	2.5936	2.5936
842	3.2129	4.7528	4.7528
843	2.9609	2.7551	2.7551
844	3.5846	2.69615	2.69615
845	3.7441	2.8258	2.8258
846	3.0911	3.2962	3.2962
847	3.2607	2.76315	2.76315
848	2.7369	2.816	2.816
849	3.0909	3.1476	3.1476
850	2.9144	3.1859	3.1859
851	2.1656000000000004	4.9877	4.9877
852	2.6702	3.25085	3.25085
853	3.0899	3.1482	3.1482
854	2.6627	3.252	3.252
855	2.46375	2.69015	2.69015
856	0.0	0.0	0.0
857	2.6736500000000003	2.6635	2.6635
858	3.9014	2.3327	2.3327
859	2.32965	4.74195	4.74195
860	3.2607	2.63075	2.63075
861	2.32965	4.74195	4.74195
862	0.0	0.0	0.0
863	2.5441000000000003	3.9124499999999998	3.9124499999999998
864	0.0	0.0	0.0
865	3.44635	4.4281	4.4281
866	4.7878	3.8078000000000003	3.8078000000000003
867	3.0827	5.6811	5.6811
868	2.7459	2.537	2.537
869	5.864599999999999	2.5801499999999997	2.5801499999999997
870	4.777	4.48875	4.48875
871	3.79915	3.0855	3.0855
872	2.6088	4.8555	4.8555
873	2.8138	2.3894	2.3894
874	3.06615	5.757	5.757
875	0.0	0.0	0.0
876	4.43375	2.2931	2.2931
877	2.9332	1.56205	1.56205
878	5.0767	3.47045	3.47045
879	2.9032	4.732	4.732
880	2.6367000000000003	4.994	4.994
881	2.8670999999999998	2.38065	2.38065
882	3.3468	3.209	3.209
883	2.8085	2.8026	2.8026
884	3.6365	2.9360999999999997	2.9360999999999997
885	2.5266	4.2319	4.2319
886	1.6176499999999998	3.6736	3.6736
887	0.0	0.0	0.0
888	2.7218	2.64015	2.64015
889	2.72985	5.7157	5.7157
890	5.3153	2.55445	2.55445
891	4.0309	4.425	4.425
892	6.1844	2.36835	2.36835
893	2.52835	4.3271	4.3271
894	3.5017	2.5801	2.5801
895	0.0	0.0	0.0
896	3.3846	2.6844	2.6844
897	2.7777	2.21925	2.21925
898	2.8804	2.5937	2.5937
899	0.0	0.0	0.0
900	4.1151	2.2328	2.2328
901	2.17285	2.51805	2.51805
902	4.3063	2.7104	2.7104
903	2.6959	4.3271	4.3271
904	2.3949	3.2554	3.2554
905	2.6377	2.6906999999999996	2.6906999999999996
906	0.0	0.0	0.0
907	2.6616	4.2042	4.2042
908	4.1454	3.8382	3.8382
909	4.32325	2.51255	2.51255
910	2.52115	2.4323	2.4323
911	3.86145	2.0777	2.0777
912	2.15875	1.9231500000000001	1.9231500000000001
913	0.0	0.0	0.0
914	0.0	0.0	0.0
915	4.2331	4.4942	4.4942
916	0.0	0.0	0.0
917	0.0	0.0	0.0
918	3.7733	1.8195000000000001	1.8195000000000001
919	0.0	0.0	0.0
920	2.6791	2.6263	2.6263
921	2.88655	4.9316	4.9316
922	4.18945	2.3255	2.3255
923	3.3605	3.9534	3.9534
924	2.3419	2.1409	2.1409
925	2.8804	2.6324	2.6324
926	4.2226	2.3831	2.3831
927	2.6119	2.0775	2.0775
928	3.14805	0.7269	0.7269
929	3.04505	3.9234	3.9234
930	2.77075	5.6413	5.6413
931	5.9282	2.58715	2.58715
932	0.0	0.0	0.0
933	2.2407	1.9282	1.9282
934	2.05025	1.723	1.723
935	3.8476999999999997	5.0042	5.0042
936	5.9282	2.5815	2.5815
937	2.62505	2.6146000000000003	2.6146000000000003
938	2.4199	2.1921	2.1921
939	3.9155499999999996	4.17295	4.17295
940	2.7011	2.7661	2.7661
941	2.4738	2.2798	2.2798
942	1.18595	4.376	4.376
943	2.75825	2.1078	2.1078
944	2.2334500000000004	2.17035	2.17035
945	3.0049	2.05305	2.05305
946	0.0	0.0	0.0
947	3.6214	2.6393	2.6393
948	2.9749	3.4277	3.4277
949	2.9539	5.0654	5.0654
950	4.21815	1.66995	1.66995
951	3.2874	2.8471	2.8471
952	2.46545	0.0	0.0
953	2.38145	2.7054	2.7054
954	3.1734	3.3677	3.3677
955	3.81395	3.6416	3.6416
956	2.57235	6.5232	6.5232
957	0.0	0.0	0.0
958	2.6602	3.8061	3.8061
959	0.0	0.0	0.0
960	6.6486	1.7994	1.7994
961	2.6018	3.8552	3.8552
962	3.323	2.1881	2.1881
963	2.6516	3.2497	3.2497
964	3.9052	3.2291999999999996	3.2291999999999996
965	4.196400000000001	2.2388500000000002	2.2388500000000002
966	0.0	0.0	0.0
967	3.2534	2.5604	2.5604
968	3.1327	2.7706	2.7706
969	3.1691	3.0281	3.0281
970	3.1762	3.048	3.048
971	3.1675	2.7909	2.7909
972	2.45665	2.9216	2.9216
973	5.5393	5.47665	5.47665
974	0.0	0.0	0.0
975	2.01825	1.8984999999999999	1.8984999999999999
976	7.7962	3.0824	3.0824
977	2.96265	5.69455	5.69455
978	3.4573	1.6394	1.6394
979	5.4843	0.63635	0.63635
980	3.6974	2.2805999999999997	2.2805999999999997
981	2.8707000000000003	2.9128	2.9128
982	3.4573	1.6394	1.6394
983	3.1997	2.194	2.194
984	0.0	0.0	0.0
985	6.834849999999999	2.9494	2.9494
986	4.5809	4.2308	4.2308
987	6.834849999999999	2.9494	2.9494
988	2.21585	3.9358	3.9358
989	4.1033	3.6472	3.6472
990	4.034	6.517	6.517
991	6.834849999999999	2.9494	2.9494
992	4.578	4.1777	4.1777
993	2.6456	5.676	5.676
994	2.6445499999999997	2.5784	2.5784
995	3.7094	3.0686	3.0686
996	2.6919	2.5827999999999998	2.5827999999999998
997	2.7874499999999998	4.5011	4.5011
998	2.35275	3.9077	3.9077
999	3.66595	2.6757999999999997	2.6757999999999997
1000	2.0547	5.81675	5.81675
1001	0.0	0.0	0.0
1002	0.0	0.0	0.0
1003	0.0	0.0	0.0
1004	3.1043	2.89215	2.89215
1005	2.6761	2.4442500000000003	2.4442500000000003
1006	2.6880499999999996	3.9173999999999998	3.9173999999999998
1007	2.4493	2.4769	2.4769
1008	0.0	0.0	0.0
1009	1.81805	3.3682	3.3682
1010	2.7354	2.6612999999999998	2.6612999999999998
1011	0.0	0.0	0.0
1012	3.4565	2.67175	2.67175
1013	0.0	0.0	0.0
1014	2.3382	1.7352	1.7352
1015	0.0	0.0	0.0
1016	5.3514	3.55855	3.55855
1017	0.0	0.0	0.0
1018	2.833	6.17375	6.17375
1019	3.287	2.8006	2.8006
1020	3.4166	2.9086	2.9086
1021	2.833	6.17375	6.17375
1022	0.0	0.0	0.0
1023	3.32945	2.7743	2.7743
1024	1.9713	3.49895	3.49895
1025	0.0	0.0	0.0
1026	5.32845	4.7473	4.7473
1027	0.0	0.0	0.0
1028	6.1156	1.1337000000000002	1.1337000000000002
1029	2.3203	1.6644	1.6644
1030	6.0781	1.1326	1.1326
1031	2.1762	2.7933	2.7933
1032	5.32315	5.94135	5.94135
1033	2.4598	2.054	2.054
1034	2.72555	2.3093	2.3093
1035	2.23395	2.3189	2.3189
1036	2.44575	2.5999	2.5999
1037	2.9045	3.1925	3.1925
1038	0.0	0.0	0.0
1039	3.6315	2.7733499999999998	2.7733499999999998
1040	4.756399999999999	4.40485	4.40485
1041	0.0	0.0	0.0
1042	3.438	2.8848000000000003	2.8848000000000003
1043	2.1182499999999997	2.83595	2.83595
1044	2.4391	2.3348	2.3348
1045	2.2245	2.49295	2.49295
1046	2.4391	2.3348	2.3348
1047	5.2028	1.89295	1.89295
1048	3.23815	3.2177	3.2177
1049	0.0	0.0	0.0
1050	4.6008	4.25925	4.25925
1051	2.38585	2.8586	2.8586
1052	6.87	4.31025	4.31025
1053	3.3367	2.645	2.645
1054	3.4197	5.6781	5.6781
1055	3.8727	2.6092	2.6092
1056	4.0267	1.80775	1.80775
1057	0.0	0.0	0.0
1058	5.0818	3.8889	3.8889
1059	3.6567	3.2278000000000002	3.2278000000000002
1060	4.43435	3.6714	3.6714
1061	3.1134	2.0266	2.0266
1062	0.0	0.0	0.0
1063	3.9645	3.3671499999999996	3.3671499999999996
1064	2.50475	1.8860999999999999	1.8860999999999999
1065	2.3632999999999997	2.5798	2.5798
1066	2.55505	2.29475	2.29475
1067	3.4525	5.2291	5.2291
1068	2.0111	2.8243	2.8243
1069	2.08305	4.22705	4.22705
1070	0.0	0.0	0.0
1071	3.2653499999999998	2.7326	2.7326
1072	1.77	1.4798	1.4798
1073	1.9943499999999998	2.3609	2.3609
1074	3.6830999999999996	2.74255	2.74255
1075	2.2533	2.3609	2.3609
1076	3.5269500000000003	7.1457	7.1457
1077	0.0	0.0	0.0
1078	1.6325	1.34575	1.34575
1079	2.99915	2.2421	2.2421
1080	3.77605	4.3323	4.3323
1081	1.7525	0.0	0.0
1082	5.1227	2.2055	2.2055
1083	6.4062	4.1794	4.1794
1084	4.4829	3.0702	3.0702
1085	3.0206999999999997	3.0123	3.0123
1086	5.9846	1.8121	1.8121
1087	0.0	0.0	0.0
1088	6.0791	1.45795	1.45795
1089	2.3127	3.0741500000000004	3.0741500000000004
1090	2.9541500000000003	3.3336	3.3336
1091	3.3351	3.4995000000000003	3.4995000000000003
1092	2.46915	2.9721	2.9721
1093	6.3803	4.1718	4.1718
1094	2.14895	3.6145	3.6145
1095	5.55775	2.50825	2.50825
1096	1.8928500000000001	3.8752	3.8752
1097	2.95395	2.6053	2.6053
1098	2.7734	2.8625	2.8625
1099	5.55775	2.7018	2.7018
1100	3.0311	2.718	2.718
1101	0.0	0.0	0.0
1102	0.0	0.0	0.0
1103	1.4861	0.0	0.0
1104	4.083349999999999	2.6157000000000004	2.6157000000000004
1105	0.0	0.0	0.0
1106	3.28005	3.3355	3.3355
1107	3.5380000000000003	6.9901	6.9901
1108	2.9479	2.7827	2.7827
1109	5.90205	1.68945	1.68945
1110	0.0	0.0	0.0
1111	3.1969	2.2107	2.2107
1112	2.7308	2.3526	2.3526
1113	1.749	3.6536	3.6536
1114	4.7234	4.9216999999999995	4.9216999999999995
1115	3.91005	2.8578	2.8578
1116	2.8437	3.017	3.017
1117	4.7674	4.3241	4.3241
1118	3.66155	3.0389999999999997	3.0389999999999997
1119	3.20865	2.1198	2.1198
1120	2.3607	3.1593	3.1593
1121	4.5013	3.5002	3.5002
1122	2.76715	3.291	3.291
1123	2.3691	2.7268	2.7268
1124	0.0	0.0	0.0
1125	3.3512500000000003	2.74035	2.74035
1126	0.0	0.0	0.0
1127	2.79555	2.6598	2.6598
1128	3.4935	2.6116	2.6116
1129	4.8948	3.35765	3.35765
1130	3.39685	4.017	4.017
1131	2.36185	3.1586999999999996	3.1586999999999996
1132	2.4887	2.4823	2.4823
1133	2.0425	2.74965	2.74965
1134	2.0662000000000003	4.2612	4.2612
1135	0.0	0.0	0.0
1136	0.0	0.0	0.0
1137	3.7310499999999998	2.7292	2.7292
1138	2.06845	0.8586	0.8586
1139	0.0	0.0	0.0
1140	2.9957	4.4375	4.4375
1141	3.20815	3.7861	3.7861
1142	2.64015	2.75715	2.75715
1143	3.27515	0.0	0.0
1144	4.0274	2.8022	2.8022
1145	2.88745	4.8308	4.8308
1146	2.00325	1.8974	1.8974
1147	2.91835	2.2919	2.2919
1148	2.9238	2.7087	2.7087
1149	3.331	2.4866	2.4866
1150	2.9917	3.06365	3.06365
1151	2.9238	2.704	2.704
1152	1.6719499999999998	1.6863	1.6863
1153	2.3817	2.43795	2.43795
1154	2.6383	2.9787	2.9787
1155	3.1090999999999998	2.55595	2.55595
1156	2.28415	4.3895	4.3895
1157	1.9077000000000002	2.7528	2.7528
1158	3.1317500000000003	2.4366	2.4366
1159	3.033	3.7435	3.7435
1160	0.0	0.0	0.0
1161	4.03425	3.0976	3.0976
1162	1.9007999999999998	2.202	2.202
1163	2.6792	4.0496	4.0496
1164	2.57825	3.1825	3.1825
1165	1.81	4.674950000000001	4.674950000000001
1166	2.6792	4.0496	4.0496
1167	4.8934999999999995	6.028650000000001	6.028650000000001
1168	3.8914999999999997	3.0041	3.0041
1169	4.005649999999999	4.4883	4.4883
1170	2.8413	3.468	3.468
1171	4.189	4.24925	4.24925
1172	3.7708	2.4691	2.4691
1173	3.969	3.3319	3.3319
1174	2.88995	3.74045	3.74045
1175	2.9015	3.56215	3.56215
1176	2.52285	2.37745	2.37745
1177	4.097099999999999	4.2005	4.2005
1178	0.0	0.0	0.0
1179	2.5346	3.94595	3.94595
1180	3.5219	2.5098000000000003	2.5098000000000003
1181	4.097099999999999	4.2124	4.2124
1182	2.0678	2.314	2.314
1183	4.776350000000001	6.028650000000001	6.028650000000001
1184	2.3247	2.866	2.866
1185	5.4304	5.42375	5.42375
1186	0.0	0.0	0.0
1187	4.055	3.1759	3.1759
1188	2.693	3.3248499999999996	3.3248499999999996
1189	0.0	0.0	0.0
1190	3.05655	2.6458500000000003	2.6458500000000003
1191	2.8175	2.7348	2.7348
1192	2.9071	2.8211	2.8211
1193	7.109	2.7969	2.7969
1194	3.8958	2.1331	2.1331
1195	2.4064	2.9792	2.9792
1196	0.0	0.0	0.0
1197	3.4191000000000003	2.7398	2.7398
1198	0.0	0.0	0.0
1199	0.0	0.0	0.0
1200	2.2553	1.6804	1.6804
1201	3.68595	3.76495	3.76495
1202	6.1967	2.3254	2.3254
1203	0.0	0.0	0.0
1204	2.3921	2.9751000000000003	2.9751000000000003
1205	2.0632	2.165	2.165
1206	4.7833	2.65835	2.65835
1207	0.0	0.0	0.0
1208	0.0	0.0	0.0
1209	4.4442	3.2018	3.2018
1210	2.2753	3.7027	3.7027
1211	3.0447499999999996	1.798	1.798
1212	3.6879	2.7235	2.7235
1213	4.76715	3.24065	3.24065
1214	2.76775	2.34025	2.34025
1215	3.6586499999999997	2.7979	2.7979
1216	0.0	0.0	0.0
1217	3.1615	2.5885	2.5885
1218	2.454	3.1221	3.1221
1219	3.0885	2.644	2.644
1220	1.9965000000000002	1.74655	1.74655
1221	3.0342	2.3609999999999998	2.3609999999999998
1222	1.8798	2.5959	2.5959
1223	1.8672	2.5879	2.5879
1224	4.2093	2.6506	2.6506
1225	0.0	0.0	0.0
1226	2.9524	1.7462	1.7462
1227	3.3034	2.8616	2.8616
1228	0.0	0.0	0.0
1229	0.0	0.0	0.0
1230	4.1088	2.6262499999999998	2.6262499999999998
1231	4.1038499999999996	4.1101	4.1101
1232	0.0	0.0	0.0
1233	3.40695	3.2346500000000002	3.2346500000000002
1234	4.4136	4.89545	4.89545
1235	3.8119	2.5196	2.5196
1236	4.0109	5.8585	5.8585
1237	2.16015	3.9634	3.9634
1238	3.0341	2.1421	2.1421
1239	4.21335	3.6882	3.6882
1240	2.7754	2.0072	2.0072
1241	3.5410500000000003	4.49965	4.49965
1242	5.56395	2.80485	2.80485
1243	3.37355	2.9017	2.9017
1244	3.3154	2.9944	2.9944
1245	0.0	0.0	0.0
1246	0.0	0.0	0.0
1247	0.0	0.0	0.0
1248	0.0	0.0	0.0
1249	0.0	0.0	0.0
1250	2.21685	3.3869	3.3869
1251	6.1018	4.0573999999999995	4.0573999999999995
1252	2.9056	3.82045	3.82045
1253	2.57375	2.2774	2.2774
1254	2.3757	2.6789	2.6789
1255	1.9272999999999998	2.4941	2.4941
1256	3.827	1.3637000000000001	1.3637000000000001
1257	4.5801	2.2799500000000004	2.2799500000000004
1258	4.4902999999999995	2.6876499999999997	2.6876499999999997
1259	1.84555	1.5206499999999998	1.5206499999999998
1260	0.0	0.0	0.0
1261	2.4754	3.2935	3.2935
1262	3.5205	2.6746999999999996	2.6746999999999996
1263	2.6238	3.9419	3.9419
1264	3.75175	2.5352	2.5352
1265	6.2558	4.0573999999999995	4.0573999999999995
1266	6.2558	4.0573999999999995	4.0573999999999995
1267	2.0355	2.41855	2.41855
1268	2.6488500000000004	3.6999000000000004	3.6999000000000004
1269	2.0700000000000003	2.4093	2.4093
1270	3.7454	2.2477	2.2477
1271	0.0	0.0	0.0
1272	3.6322	2.1952	2.1952
1273	0.0	0.0	0.0
1274	2.9219	3.23815	3.23815
1275	3.9301500000000003	2.3594	2.3594
1276	4.13885	3.88285	3.88285
1277	1.71585	2.6782	2.6782
1278	4.8224	2.6609	2.6609
1279	3.0676	2.4842	2.4842
1280	3.1849	3.13305	3.13305
1281	0.0	0.0	0.0
1282	2.3827	2.4883	2.4883
1283	3.6847	2.3124	2.3124
1284	3.6264000000000003	2.87595	2.87595
1285	0.0	0.0	0.0
1286	0.0	0.0	0.0
1287	0.0	0.0	0.0
1288	0.0	0.0	0.0
1289	2.6744	3.28565	3.28565
1290	2.6807	3.0656	3.0656
1291	2.9744	2.79935	2.79935
1292	4.68765	1.2510500000000002	1.2510500000000002
1293	5.2737	3.7171000000000003	3.7171000000000003
1294	3.0812999999999997	2.3877	2.3877
1295	2.78015	2.3981	2.3981
1296	3.6484	3.217	3.217
1297	3.1292	4.4261	4.4261
1298	2.8933	4.5422	4.5422
1299	4.0436	2.7887500000000003	2.7887500000000003
1300	2.4859	2.1802	2.1802
1301	1.5377	1.8911	1.8911
1302	1.5394	1.7736	1.7736
1303	0.0	0.0	0.0
1304	4.0436	2.78665	2.78665
1305	2.9559499999999996	2.9248	2.9248
1306	2.5280500000000004	4.0588	4.0588
1307	0.0	0.0	0.0
1308	3.5543	3.4048	3.4048
1309	3.4827	2.6333	2.6333
1310	3.2451499999999998	1.4819499999999999	1.4819499999999999
1311	2.7331	2.2508	2.2508
1312	3.3613	3.9442	3.9442
1313	0.0	0.0	0.0
1314	3.3210499999999996	2.4181	2.4181
1315	2.4643	3.0517000000000003	3.0517000000000003
1316	3.445	3.60195	3.60195
1317	3.10975	2.4815	2.4815
1318	2.0185	3.0004	3.0004
1319	2.80755	3.72035	3.72035
1320	3.06665	2.5786	2.5786
1321	0.41995	0.0	0.0
1322	3.6217	3.5984	3.5984
1323	3.732	1.72955	1.72955
1324	3.10395	5.340949999999999	5.340949999999999
1325	0.0	0.0	0.0
1326	2.7702	2.8227	2.8227
1327	2.0921000000000003	2.3886	2.3886
1328	3.2392000000000003	1.486	1.486
1329	2.4539	3.2438	3.2438
1330	3.14455	5.2996	5.2996
1331	2.8263	2.37345	2.37345
1332	2.5807	2.377	2.377
1333	2.65595	3.9379	3.9379
1334	4.1994	5.88075	5.88075
1335	3.3291000000000004	4.0203	4.0203
1336	3.08215	2.5338	2.5338
1337	5.850099999999999	3.51075	3.51075
1338	2.09605	2.5192	2.5192
1339	0.0	0.0	0.0
1340	3.65395	2.3508	2.3508
1341	3.50835	6.1882	6.1882
1342	2.94475	1.4727999999999999	1.4727999999999999
1343	3.08215	2.3627	2.3627
1344	3.7968	4.3082	4.3082
1345	5.0714500000000005	3.4270500000000004	3.4270500000000004
1346	2.4812	3.4561	3.4561
1347	2.78275	3.8269	3.8269
1348	5.7666	2.9486	2.9486
1349	0.0	0.0	0.0
1350	4.2243	6.3647	6.3647
1351	1.60535	1.5454	1.5454
1352	2.9891	1.7423	1.7423
1353	5.8050999999999995	3.5922	3.5922
1354	2.2335	3.0063	3.0063
1355	2.9458	3.8591	3.8591
1356	3.2005	0.0	0.0
1357	1.48865	3.241	3.241
1358	3.5255	2.6552	2.6552
1359	3.3889	6.2321	6.2321
1360	6.2366	3.5842	3.5842
1361	0.0	0.0	0.0
1362	0.0	0.0	0.0
1363	3.9384	2.8175	2.8175
1364	1.8933	2.9928	2.9928
1365	3.6224	3.6225	3.6225
1366	0.0	0.0	0.0
1367	0.0	0.0	0.0
1368	0.0	0.0	0.0
1369	2.1652	3.6863	3.6863
1370	1.9476	2.8583499999999997	2.8583499999999997
1371	2.3316	2.5788	2.5788
1372	2.0850999999999997	1.9263	1.9263
1373	0.0	0.0	0.0
1374	0.0	0.0	0.0
1375	0.0	0.0	0.0
1376	3.8358	4.9757	4.9757
1377	0.0	0.0	0.0
1378	2.8556	1.838	1.838
1379	4.1563	3.2043	3.2043
1380	0.0	0.0	0.0
1381	4.1777	1.4287	1.4287
1382	3.0541	3.2798	3.2798
1383	3.52485	1.3027	1.3027
1384	0.0	0.0	0.0
1385	0.0	0.0	0.0
1386	3.08965	1.9068999999999998	1.9068999999999998
1387	1.8704	4.6891	4.6891
1388	2.29035	1.8942999999999999	1.8942999999999999
1389	2.9837	3.08035	3.08035
1390	0.0	0.0	0.0
1391	0.0	0.0	0.0
1392	2.8329	2.03675	2.03675
1393	2.3136	2.1672000000000002	2.1672000000000002
1394	0.0	0.0	0.0
1395	2.8432500000000003	4.5786	4.5786
1396	3.1538500000000003	3.0782499999999997	3.0782499999999997
1397	0.0	0.0	0.0
1398	2.981	1.73275	1.73275
1399	0.9435	1.1926	1.1926
1400	4.6991	4.1808	4.1808
1401	2.4793000000000003	3.2607	3.2607
1402	2.2658	2.1679	2.1679
1403	2.1355	3.2184	3.2184
1404	2.1550000000000002	1.4747	1.4747
1405	2.1369	3.2184	3.2184
1406	2.42	2.5931	2.5931
1407	3.2444	3.50045	3.50045
1408	2.0522	4.8841	4.8841
1409	3.48505	3.5988	3.5988
1410	3.42385	1.20525	1.20525
1411	2.7831	4.25375	4.25375
1412	2.0549	4.8846	4.8846
1413	4.5951	3.52685	3.52685
1414	3.6617	0.6745	0.6745
1415	2.35805	5.0411	5.0411
1416	4.02815	3.77035	3.77035
1417	3.2253	3.5877	3.5877
1418	3.3442499999999997	2.77875	2.77875
1419	3.28215	1.63365	1.63365
1420	2.3676000000000004	2.8947	2.8947
1421	3.37745	1.2053	1.2053
1422	3.367	3.2653	3.2653
1423	0.0	0.0	0.0
1424	2.56705	1.9707	1.9707
1425	3.548	1.96925	1.96925
1426	2.9543	1.9313	1.9313
1427	3.48505	3.46765	3.46765
1428	3.0839	2.6933	2.6933
1429	3.251	1.6291	1.6291
1430	0.0	0.0	0.0
1431	2.3134	1.05095	1.05095
1432	3.9447	4.0279	4.0279
1433	0.0	0.0	0.0
1434	0.7716000000000001	2.9539	2.9539
1435	2.3933	3.0473	3.0473
1436	1.8769	2.8275	2.8275
1437	4.2369	2.9668	2.9668
1438	2.2874999999999996	2.1959999999999997	2.1959999999999997
1439	3.081	5.144550000000001	5.144550000000001
1440	2.19915	2.4959499999999997	2.4959499999999997
1441	2.8544	2.7153	2.7153
1442	0.8241	2.9539	2.9539
1443	2.8933	2.4334	2.4334
1444	4.6	3.62995	3.62995
1445	2.7621	2.3855	2.3855
1446	3.0831999999999997	4.2763	4.2763
1447	1.6892999999999998	0.0	0.0
1448	4.648	3.45625	3.45625
1449	2.7779	7.078	7.078
1450	2.1792	0.0	0.0
1451	2.3166	3.8097	3.8097
1452	1.3125499999999999	3.2222	3.2222
1453	2.6264	2.5652	2.5652
1454	0.0	0.0	0.0
1455	3.08315	4.34545	4.34545
1456	1.5566	5.227650000000001	5.227650000000001
1457	1.3890500000000001	3.6922	3.6922
1458	4.2973	2.90235	2.90235
1459	3.6328	1.5617	1.5617
1460	2.9452	2.851	2.851
1461	3.67765	4.2286	4.2286
1462	1.2799	1.6062	1.6062
1463	2.4589499999999997	6.6491	6.6491
1464	3.0783	3.9055	3.9055
1465	1.9858	2.081	2.081
1466	3.67765	4.2355	4.2355
1467	2.2035	2.52625	2.52625
1468	2.2324	4.0593	4.0593
1469	1.9003	1.9679	1.9679
1470	4.0645	4.69835	4.69835
1471	0.0	0.0	0.0
1472	3.1593	3.57985	3.57985
1473	4.716	3.47945	3.47945
1474	1.54775	3.47075	3.47075
1475	3.1186	2.45545	2.45545
1476	2.1824500000000002	5.0979	5.0979
1477	2.2324	4.0593	4.0593
1478	2.9483	3.1513999999999998	3.1513999999999998
1479	2.374	2.53585	2.53585
1480	6.162699999999999	3.1995	3.1995
1481	4.1319	2.89085	2.89085
1482	3.8689	3.8085	3.8085
1483	2.1891	3.5228	3.5228
1484	3.1643499999999998	2.3784	2.3784
1485	2.981	3.83	3.83
1486	2.2244	4.33015	4.33015
1487	2.7073	1.912	1.912
1488	3.759	1.5659	1.5659
1489	0.0	0.0	0.0
1490	1.7828	3.6333	3.6333
1491	2.9465	3.3113	3.3113
1492	3.8689	3.8085	3.8085
1493	3.0869999999999997	4.3975	4.3975
1494	2.5222	2.9223	2.9223
1495	3.8616	2.5732999999999997	2.5732999999999997
1496	0.0	0.0	0.0
1497	3.8616	2.5732999999999997	2.5732999999999997
1498	2.57075	2.2142	2.2142
1499	1.70545	2.32325	2.32325
1500	4.275600000000001	3.1087	3.1087
1501	2.2582	3.4179500000000003	3.4179500000000003
1502	2.3215500000000002	1.099	1.099
1503	6.5978	4.8257	4.8257
1504	3.3086	3.6564	3.6564
1505	2.0169	2.3053	2.3053
1506	1.1851	2.7032999999999996	2.7032999999999996
1507	2.55265	1.8492000000000002	1.8492000000000002
1508	2.8278	3.8313	3.8313
1509	2.2582	3.4191000000000003	3.4191000000000003
1510	2.9992	3.4381500000000003	3.4381500000000003
1511	2.0198	3.2831	3.2831
1512	0.0	0.0	0.0
1513	2.1056	2.2476	2.2476
1514	2.7072	3.0629	3.0629
1515	0.0	0.0	0.0
1516	2.6982	2.4823000000000004	2.4823000000000004
1517	2.7072	3.0619	3.0619
1518	2.5542	2.322	2.322
1519	4.21755	3.1582	3.1582
1520	0.0	0.0	0.0
1521	0.0	0.0	0.0
1522	2.4036	0.7452	0.7452
1523	1.3938	2.0178	2.0178
1524	3.0887	0.0	0.0
1525	1.9941	2.2174	2.2174
1526	2.3803	2.0562	2.0562
1527	2.6047000000000002	2.37835	2.37835
1528	0.0	0.0	0.0
1529	4.17825	2.7352499999999997	2.7352499999999997
1530	2.4492	2.39565	2.39565
1531	3.3957	3.0887000000000002	3.0887000000000002
1532	1.30545	3.3932	3.3932
1533	3.9165	3.4029	3.4029
1534	3.58975	1.5899	1.5899
1535	2.2635	2.9053	2.9053
1536	2.92	4.3242	4.3242
1537	1.825	5.7063	5.7063
1538	2.1965500000000002	3.9788	3.9788
1539	4.09755	2.6612	2.6612
1540	1.70405	3.4137	3.4137
1541	1.2269	4.75565	4.75565
1542	2.7205	2.4781	2.4781
1543	2.9761	2.4257	2.4257
1544	2.64715	3.25625	3.25625
1545	0.0	0.0	0.0
1546	4.4986	3.9695	3.9695
1547	4.22375	5.7843	5.7843
1548	2.6047000000000002	2.37835	2.37835
1549	2.5531499999999996	3.6168	3.6168
1550	0.0	0.0	0.0
1551	0.0	0.0	0.0
1552	0.0	0.0	0.0
1553	3.768	4.37255	4.37255
1554	3.5762	2.8120000000000003	2.8120000000000003
1555	3.0149999999999997	1.7212	1.7212
1556	4.4875	3.5764	3.5764
1557	2.4972000000000003	2.3592500000000003	2.3592500000000003
1558	0.0	0.0	0.0
1559	0.0	0.0	0.0
1560	2.0484999999999998	2.18375	2.18375
1561	0.0	0.0	0.0
1562	2.8192	2.3009	2.3009
1563	1.6602	4.08935	4.08935
1564	1.54095	2.4976	2.4976
1565	0.9982500000000001	2.456	2.456
1566	0.0	0.0	0.0
1567	0.0	0.0	0.0
1568	0.0	0.0	0.0
1569	2.3428	5.2158	5.2158
1570	4.2511	2.87175	2.87175
1571	3.7775	1.86835	1.86835
1572	4.009	2.67955	2.67955
1573	2.0360500000000004	2.4250499999999997	2.4250499999999997
1574	2.1848	3.13395	3.13395
1575	2.79605	2.49285	2.49285
1576	2.4517	1.3259	1.3259
1577	0.0	0.0	0.0
1578	3.9402999999999997	5.6311	5.6311
1579	0.0	0.0	0.0
1580	2.627	0.0	0.0
1581	1.241	3.4061	3.4061
1582	1.3445	3.40595	3.40595
1583	1.7292	2.4707	2.4707
1584	4.537599999999999	3.3625	3.3625
1585	3.19915	0.0	0.0
1586	2.5408	2.5904	2.5904
1587	3.3402000000000003	2.3865499999999997	2.3865499999999997
1588	1.9261	1.6194	1.6194
1589	2.44095	1.2335500000000001	1.2335500000000001
1590	1.8926	1.894	1.894
1591	1.1116000000000001	1.9193	1.9193
1592	2.7096	3.9492	3.9492
1593	3.4447	1.9666	1.9666
1594	0.0	0.0	0.0
1595	2.2716	2.0492	2.0492
1596	3.5425	3.6987	3.6987
1597	4.6035	5.5029	5.5029
1598	0.0	0.0	0.0
1599	5.0218	2.3498	2.3498
1600	3.5153499999999998	2.1433	2.1433
1601	0.0	4.5495	4.5495
1602	3.1567	2.2718	2.2718
1603	2.3302	2.9384	2.9384
1604	3.22445	4.2821	4.2821
1605	2.4874	4.63205	4.63205
1606	0.0	0.0	0.0
1607	2.7095	1.937	1.937
1608	0.0	0.0	0.0
1609	0.0	0.0	0.0
1610	1.2842500000000001	0.0	0.0
1611	4.3729	3.4566	3.4566
1612	4.1354	5.9691	5.9691
1613	2.67195	1.9736	1.9736
1614	1.2541	3.4217	3.4217
1615	1.9902	1.7065000000000001	1.7065000000000001
1616	0.0	2.4368	2.4368
1617	2.1896	2.2105	2.2105
1618	2.5273000000000003	1.528	1.528
1619	2.4461500000000003	1.81575	1.81575
1620	0.0	0.0	0.0
1621	0.0	0.0	0.0
1622	4.011	1.36575	1.36575
1623	2.8767	3.1278	3.1278
1624	4.694850000000001	3.4565	3.4565
1625	3.3741	3.7448	3.7448
1626	3.2878	4.10465	4.10465
1627	3.577	2.8845	2.8845
1628	3.2334	3.0034	3.0034
1629	4.001	0.7588	0.7588
1630	4.5102	4.0718499999999995	4.0718499999999995
1631	3.14755	2.7828	2.7828
1632	4.067399999999999	0.8604499999999999	0.8604499999999999
1633	0.0	0.0	0.0
1634	3.3094	2.9749499999999998	2.9749499999999998
1635	4.5843	0.59675	0.59675
1636	0.0	0.0	0.0
1637	2.2775	1.97635	1.97635
1638	3.9007	2.6892	2.6892
1639	2.3738	2.2235	2.2235
1640	1.7154	2.1828	2.1828
1641	2.1502499999999998	2.6489000000000003	2.6489000000000003
1642	0.0	0.0	0.0
1643	3.48215	4.2701	4.2701
1644	1.7154	2.3087	2.3087
1645	0.0	0.0	0.0
1646	2.6519	2.8356500000000002	2.8356500000000002
1647	4.27435	3.3436000000000003	3.3436000000000003
1648	0.0	0.0	0.0
1649	3.70615	1.67025	1.67025
1650	1.26925	3.1318	3.1318
1651	0.0	0.0	0.0
1652	1.2980999999999998	3.158	3.158
1653	3.6541	2.021	2.021
1654	1.1218	2.2454	2.2454
1655	2.2756	2.2274	2.2274
1656	2.4605	2.8811999999999998	2.8811999999999998
1657	0.0	0.0	0.0
1658	4.6943	0.97645	0.97645
1659	3.98125	1.7610999999999999	1.7610999999999999
1660	2.2384	3.0956	3.0956
1661	2.8227	2.186	2.186
1662	4.2572	5.2166	5.2166
1663	0.0	0.0	0.0
1664	2.8227	2.1877500000000003	2.1877500000000003
1665	1.8565	0.0	0.0
1666	2.3557	2.2965	2.2965
1667	0.0	0.0	0.0
1668	0.0	0.0	0.0
1669	2.1497	1.5711499999999998	1.5711499999999998
1670	2.4855	4.34205	4.34205
1671	2.16805	2.439	2.439
1672	2.9835	0.0	0.0
1673	0.0	0.0	0.0
1674	0.0	0.0	0.0
1675	2.93095	2.2201	2.2201
1676	2.02265	3.8439	3.8439
1677	0.0	0.0	0.0
1678	0.0	0.0	0.0
1679	3.47895	1.06125	1.06125
1680	0.0	0.0	0.0
1681	3.4715	2.5095	2.5095
1682	2.2201	3.2197	3.2197
1683	3.21675	1.27345	1.27345
1684	2.5964	3.4558	3.4558
1685	0.0	0.0	0.0
1686	2.4677499999999997	3.2769	3.2769
1687	3.2755	2.32375	2.32375
1688	0.0	0.0	0.0
1689	3.4275	0.0	0.0
1690	1.8706	3.58995	3.58995
1691	0.0	0.0	0.0
1692	0.0	0.0	0.0
1693	3.9436	1.7911000000000001	1.7911000000000001
1694	0.0	0.0	0.0
1695	1.7636	1.9174	1.9174
1696	1.84575	0.0	0.0
1697	2.6787	3.1894	3.1894
1698	0.0	0.0	0.0
1699	2.232	1.5713	1.5713
1700	1.7412	1.2959	1.2959
1701	3.7169	3.307	3.307
1702	3.528	3.14905	3.14905
1703	3.5791	3.8084	3.8084
1704	0.0	6.2703	6.2703
1705	1.6843	2.4573	2.4573
1706	0.0	0.0	0.0
1707	2.7729	2.6063	2.6063
1708	0.0	0.0	0.0
1709	2.9519	3.896	3.896
1710	0.0	0.0	0.0
1711	2.4316	4.0074	4.0074
1712	2.24925	2.9157	2.9157
1713	2.2959	1.8780999999999999	1.8780999999999999
1714	0.0	0.0	0.0
1715	3.33595	1.6545	1.6545
1716	1.9754	1.961	1.961
1717	2.87345	1.8881000000000001	1.8881000000000001
1718	2.4891	2.03805	2.03805
1719	3.7638	5.33155	5.33155
1720	0.0	1.4047	1.4047
1721	5.1869	0.0	0.0
1722	2.5265	3.3510999999999997	3.3510999999999997
1723	2.32485	4.3728	4.3728
1724	3.06055	1.6056	1.6056
1725	1.6543	1.90855	1.90855
1726	3.10085	5.4979	5.4979
1727	3.96385	5.4413	5.4413
1728	3.2693000000000003	3.7636	3.7636
1729	3.6137	1.3547	1.3547
1730	2.79155	3.9165	3.9165
1731	2.4564	2.8068	2.8068
1732	2.44725	3.0037	3.0037
1733	2.3724	1.67145	1.67145
1734	0.0	0.0	0.0
1735	2.3156999999999996	2.9681	2.9681
1736	0.0	0.0	0.0
1737	0.0	0.0	0.0
1738	3.2753500000000004	1.74255	1.74255
1739	0.0	2.3383	2.3383
1740	0.0	0.0	0.0
1741	3.3814	0.0	0.0
1742	1.5456500000000002	2.1365	2.1365
1743	1.5422	4.4741	4.4741
1744	3.8018	2.4678	2.4678
1745	2.5021500000000003	1.3098999999999998	1.3098999999999998
1746	1.4552	1.8765	1.8765
1747	0.0	0.0	0.0
1748	3.0763499999999997	2.89995	2.89995
1749	2.1786	3.1911	3.1911
1750	3.9466	2.14975	2.14975
1751	1.1341	0.67235	0.67235
1752	0.0	0.0	0.0
1753	0.0	6.42465	6.42465
1754	2.2018	3.7198	3.7198
1755	4.0291999999999994	2.1431	2.1431
1756	1.6304	2.2285	2.2285
1757	1.7474500000000002	3.6123000000000003	3.6123000000000003
1758	2.65	1.4529	1.4529
1759	3.1755500000000003	3.52775	3.52775
1760	3.205	0.0	0.0
1761	0.0	0.0	0.0
1762	3.7904	2.3592	2.3592
1763	2.4653	2.66215	2.66215
1764	3.088	2.9214	2.9214
1765	3.0942	4.1045	4.1045
1766	4.6779	5.3850999999999996	5.3850999999999996
1767	2.949	3.2413	3.2413
1768	0.0	0.0	0.0
1769	2.0366999999999997	1.98335	1.98335
1770	3.8916	1.87655	1.87655
1771	1.1315	1.3977	1.3977
1772	3.6078	5.92365	5.92365
1773	0.0	0.0	0.0
1774	1.3015	2.7058	2.7058
1775	2.6767	2.3884	2.3884
1776	3.6531000000000002	0.0	0.0
1777	2.103	2.8239	2.8239
1778	3.54965	3.1738	3.1738
1779	1.8402500000000002	3.3920000000000003	3.3920000000000003
1780	3.6174	0.0	0.0
1781	0.0	0.0	0.0
1782	0.0	0.0	0.0
1783	3.01045	2.3290499999999996	2.3290499999999996
1784	1.8766	3.1310000000000002	3.1310000000000002
1785	3.5237499999999997	2.7304000000000004	2.7304000000000004
1786	0.0	0.0	0.0
1787	0.0	0.0	0.0
1788	0.0	0.0	0.0
1789	2.2141	2.9885	2.9885
1790	2.6401	1.79345	1.79345
1791	2.6308	2.7181	2.7181
1792	0.0	0.0	0.0
1793	3.0433	3.2922	3.2922
1794	2.5613	1.1520000000000001	1.1520000000000001
1795	0.0	3.9467499999999998	3.9467499999999998
1796	0.0	0.0	0.0
1797	0.0	0.0	0.0
1798	0.0	0.0	0.0
1799	0.0	0.0	0.0
1800	3.7374	1.7147999999999999	1.7147999999999999
1801	0.0	0.0	0.0
1802	0.0	5.9123	5.9123
1803	2.277	2.4952	2.4952
1804	2.6314	2.2788	2.2788
1805	0.0	0.0	0.0
1806	1.18855	0.0	0.0
1807	1.98815	1.9707	1.9707
1808	2.5008	2.18105	2.18105
1809	2.3096	4.072	4.072
1810	0.0	1.39635	1.39635
1811	2.50705	1.28395	1.28395
1812	3.7515	4.1564	4.1564
1813	2.6564500000000004	3.0995	3.0995
1814	2.73485	2.5594	2.5594
1815	0.0	5.2828	5.2828
1816	0.0	0.0	0.0
1817	2.30965	2.9254499999999997	2.9254499999999997
1818	3.1398	3.7213	3.7213
1819	0.0	0.0	0.0
1820	1.7252	2.6559999999999997	2.6559999999999997
1821	3.4061500000000002	3.2569	3.2569
1822	0.0	0.0	0.0
1823	0.0	0.0	0.0
1824	0.0	5.90475	5.90475
1825	3.2049	0.45015	0.45015
1826	1.59405	2.80185	2.80185
1827	3.3582	3.06795	3.06795
1828	0.0	0.0	0.0
1829	0.0	0.0	0.0
1830	2.6241	4.198	4.198
1831	2.8834999999999997	2.5236	2.5236
1832	2.1707	5.5857	5.5857
1833	2.0976	2.6417	2.6417
1834	1.3234	4.088900000000001	4.088900000000001
1835	1.0523	0.0	0.0
1836	0.0	0.0	0.0
1837	2.55715	2.938	2.938
1838	2.4394	3.01645	3.01645
1839	1.0623	2.5749	2.5749
1840	2.4044	1.91905	1.91905
1841	3.7791	1.6602999999999999	1.6602999999999999
1842	3.0312	2.4008	2.4008
1843	3.7831	1.9002	1.9002
1844	2.19875	3.04745	3.04745
1845	2.17365	0.0	0.0
1846	4.9025	3.27825	3.27825
1847	0.0	0.0	0.0
1848	3.0116	2.5361	2.5361
1849	3.3954	2.35865	2.35865
1850	2.5589	6.7936499999999995	6.7936499999999995
1851	4.465450000000001	0.0	0.0
1852	0.0	0.0	0.0
1853	3.0496	1.6048	1.6048
1854	0.0	0.0	0.0
1855	2.3417	2.0216000000000003	2.0216000000000003
1856	2.59595	1.8494000000000002	1.8494000000000002
1857	3.71095	0.0	0.0
1858	1.66785	1.4444	1.4444
1859	0.0	0.0	0.0
1860	0.0	0.0	0.0
1861	0.0	0.0	0.0
1862	2.9416	0.0	0.0
1863	6.63905	3.6861	3.6861
1864	3.2513	2.2676499999999997	2.2676499999999997
1865	2.0919	3.1637	3.1637
1866	0.0	5.0599	5.0599
1867	3.257	2.27115	2.27115
1868	2.835	5.8153500000000005	5.8153500000000005
1869	2.68485	3.5713	3.5713
1870	2.4115	3.19285	3.19285
1871	2.0971	2.2742	2.2742
1872	2.5738	4.15745	4.15745
1873	4.5049	3.7016	3.7016
1874	2.078	3.1461	3.1461
1875	0.0	0.0	0.0
1876	4.42115	2.0856000000000003	2.0856000000000003
1877	0.0	3.7483500000000003	3.7483500000000003
1878	0.7322	3.23665	3.23665
1879	0.0	0.0	0.0
1880	1.5711	2.6804	2.6804
1881	1.3172	3.0877	3.0877
1882	0.0	0.0	0.0
1883	0.9149	0.0	0.0
1884	0.0	1.02975	1.02975
1885	2.8423499999999997	5.9757	5.9757
1886	3.9505	6.110099999999999	6.110099999999999
1887	3.3106999999999998	3.2264999999999997	3.2264999999999997
1888	5.23105	1.8708	1.8708
1889	0.0	0.0	0.0
1890	1.7449	1.7228500000000002	1.7228500000000002
1891	2.1155999999999997	2.2862999999999998	2.2862999999999998
1892	3.7289000000000003	2.2759	2.2759
1893	5.2545	1.5946	1.5946
1894	4.58385	2.6233	2.6233
1895	1.6384	1.7008	1.7008
1896	2.7630999999999997	2.2379499999999997	2.2379499999999997
1897	1.9896500000000001	3.0637999999999996	3.0637999999999996
1898	1.0856	5.4742	5.4742
1899	0.0	0.0	0.0
1900	4.6183499999999995	4.3996	4.3996
1901	1.7624	1.8744999999999998	1.8744999999999998
1902	3.2811	4.796	4.796
1903	2.9797000000000002	4.0328	4.0328
1904	1.3633000000000002	2.03985	2.03985
1905	0.0	0.0	0.0
1906	2.4205	2.03955	2.03955
1907	1.47495	3.84345	3.84345
1908	2.8865	2.6448	2.6448
1909	0.0	0.0	0.0
1910	3.41655	2.6919500000000003	2.6919500000000003
1911	5.8158	1.9576	1.9576
1912	2.9519	4.1204	4.1204
1913	0.0	0.0	0.0
1914	1.2822	0.0	0.0
1915	3.27585	5.7152	5.7152
1916	0.0	0.0	0.0
1917	2.5387500000000003	2.8561	2.8561
1918	3.27585	5.7152	5.7152
1919	2.2076	2.5007	2.5007
1920	1.4669	3.7308	3.7308
1921	2.91805	2.6951	2.6951
1922	6.5099	2.9039	2.9039
1923	0.0	0.0	0.0
1924	2.52865	2.23095	2.23095
1925	3.72275	3.1902	3.1902
1926	0.0	0.0	0.0
1927	3.1974	6.4987	6.4987
1928	2.2211499999999997	0.0	0.0
1929	3.7414	3.8070500000000003	3.8070500000000003
1930	3.31955	4.5471	4.5471
1931	0.0	4.3974	4.3974
1932	3.829	0.0	0.0
1933	3.6303	0.7636	0.7636
1934	2.0626	2.6196	2.6196
1935	2.0219	2.8518	2.8518
1936	1.9918	1.1679	1.1679
1937	0.0	0.0	0.0
1938	2.94025	2.8634	2.8634
1939	5.833600000000001	5.1334	5.1334
1940	1.95825	1.56385	1.56385
1941	3.3017	2.698	2.698
1942	2.96845	2.5516	2.5516
1943	1.7571	2.2964	2.2964
1944	0.0	3.04005	3.04005
1945	0.0	3.3518999999999997	3.3518999999999997
1946	1.1166	2.15725	2.15725
1947	0.0	0.0	0.0
1948	4.74915	0.0	0.0
1949	0.0	0.0	0.0
1950	0.0	0.0	0.0
1951	1.99485	2.246	2.246
1952	3.02445	1.6327	1.6327
1953	0.9917	1.084	1.084
1954	2.26945	1.2007	1.2007
1955	2.5911	2.3181000000000003	2.3181000000000003
1956	3.0111	0.0	0.0
1957	3.516	3.7089499999999997	3.7089499999999997
1958	2.2841500000000003	1.00505	1.00505
1959	0.0	0.0	0.0
1960	1.4131	4.328950000000001	4.328950000000001
1961	2.11185	1.2532	1.2532
1962	5.3044	1.85175	1.85175
1963	2.5603	3.0389	3.0389
1964	2.9895	3.1913	3.1913
1965	2.6477	4.1778	4.1778
1966	0.0	0.0	0.0
1967	0.0	2.2579000000000002	2.2579000000000002
1968	3.3574	2.41045	2.41045
1969	4.8508	2.4489	2.4489
1970	0.0	0.0	0.0
1971	4.31065	2.158	2.158
1972	1.9816	2.5162	2.5162
1973	2.79995	0.0	0.0
1974	0.0	0.0	0.0
1975	3.6627	3.0089	3.0089
1976	4.4199	2.7704	2.7704
1977	0.0	0.0	0.0
1978	1.9889000000000001	2.458	2.458
1979	0.0	0.0	0.0
1980	3.2575	2.04975	2.04975
1981	0.0	0.0	0.0
1982	0.0	0.0	0.0
1983	0.0	0.0	0.0
1984	0.0	0.0	0.0
1985	0.0	0.0	0.0
1986	0.0	0.0	0.0
1987	2.10705	1.7774999999999999	1.7774999999999999
1988	1.9114	2.4542	2.4542
1989	3.073	5.6817	5.6817
1990	3.6357999999999997	2.6661	2.6661
1991	3.6357999999999997	2.6661	2.6661
1992	0.0	0.0	0.0
1993	1.124	5.06525	5.06525
1994	4.6059	4.29275	4.29275
1995	0.0	0.0	0.0
1996	3.2707	2.9499500000000003	2.9499500000000003
1997	0.0	0.0	0.0
1998	0.0	2.4744	2.4744
1999	2.37705	1.2483	1.2483
2000	0.0	2.99675	2.99675
2001	2.05985	2.3230500000000003	2.3230500000000003
2002	2.9962	2.2709	2.2709
2003	1.8467	2.7918000000000003	2.7918000000000003
2004	0.0	2.9949	2.9949
2005	2.2026	1.6747	1.6747
2006	2.4956	4.7948	4.7948
2007	3.4293	0.0	0.0
2008	1.0499999999999998	2.6347500000000004	2.6347500000000004
2009	3.9619	5.0113	5.0113
2010	5.2113	2.099	2.099
2011	2.7784	2.7933	2.7933
2012	3.038	0.0	0.0
2013	3.2674	2.3119	2.3119
2014	4.0725	3.2765	3.2765
2015	0.0	0.0	0.0
2016	3.1694	3.2192	3.2192
2017	0.0	0.0	0.0
2018	0.0	0.0	0.0
2019	0.0	0.0	0.0
2020	0.0	0.0	0.0
2021	0.88955	4.6629	4.6629
2022	1.5444	5.472799999999999	5.472799999999999
2023	0.0	0.0	0.0
2024	3.2805	3.5894000000000004	3.5894000000000004
2025	1.9890500000000002	1.22715	1.22715
2026	4.1928	3.8312999999999997	3.8312999999999997
2027	2.5593000000000004	2.77685	2.77685
2028	0.0	0.0	0.0
2029	0.8172	3.91165	3.91165
2030	4.16435	2.78625	2.78625
2031	2.2291	0.0	0.0
2032	0.0	0.0	0.0
2033	2.2135499999999997	2.222	2.222
2034	2.7964	3.3675	3.3675
2035	0.0	0.0	0.0
2036	0.0	0.0	0.0
2037	0.0	0.0	0.0
2038	0.0	0.0	0.0
2039	3.1584	3.2579	3.2579
2040	1.5101	2.6614	2.6614
2041	0.6899	3.83635	3.83635
2042	0.0	3.41965	3.41965
2043	3.5685000000000002	2.0119	2.0119
2044	2.5577	3.0335	3.0335
2045	3.3073	2.5888999999999998	2.5888999999999998
2046	3.2048	1.7738999999999998	1.7738999999999998
2047	0.0	0.0	0.0
2048	3.63325	0.0	0.0
2049	4.5464	0.0	0.0
2050	2.2923999999999998	5.6107	5.6107
2051	3.62725	1.6546	1.6546
2052	1.6436	2.3836	2.3836
2053	0.0	1.0388000000000002	1.0388000000000002
2054	3.4940499999999997	3.4475499999999997	3.4475499999999997
2055	2.6863	0.0	0.0
2056	0.0	3.0824	3.0824
2057	7.368	3.2226	3.2226
2058	2.5245	1.54825	1.54825
2059	0.0	0.0	0.0
2060	2.2245	3.2403	3.2403
2061	0.0	0.0	0.0
2062	0.9055	3.0963	3.0963
2063	0.0	0.0	0.0
2064	0.0	0.0	0.0
2065	1.4586	2.6643	2.6643
2066	0.0	1.4604	1.4604
2067	3.50275	0.0	0.0
2068	3.70795	5.8771	5.8771
2069	3.6889	4.852	4.852
2070	0.0	0.0	0.0
2071	1.3282	4.19835	4.19835
2072	2.48105	0.0	0.0
2073	4.8859	2.4782	2.4782
2074	0.0	0.0	0.0
2075	4.3340499999999995	2.14505	2.14505
2076	0.0	0.0	0.0
2077	1.2871	0.8499	0.8499
2078	0.0	0.9339	0.9339
2079	4.3340499999999995	2.13235	2.13235
2080	3.45045	3.0756	3.0756
2081	4.33455	4.2719	4.2719
2082	0.0	0.0	0.0
2083	0.0	0.0	0.0
2084	3.769	0.0	0.0
2085	3.4754	0.87905	0.87905
2086	2.43975	2.5201000000000002	2.5201000000000002
2087	0.6689	1.5542	1.5542
2088	0.0	0.0	0.0
2089	3.5253	2.8179	2.8179
2090	0.0	2.058	2.058
2091	3.3662	2.44725	2.44725
2092	0.0	0.0	0.0
2093	3.3662	2.44725	2.44725
2094	0.0	3.3559	3.3559
2095	0.0	0.0	0.0
2096	0.0	0.0	0.0
2097	4.2562	0.0	0.0
2098	2.7816	2.10855	2.10855
2099	0.0	2.7841	2.7841
2100	0.0	4.7645	4.7645
2101	3.792	0.0	0.0
2102	0.0	1.44265	1.44265
2103	2.565	0.0	0.0
2104	3.35095	3.6572	3.6572
2105	3.6551	4.23585	4.23585
2106	6.914	2.798	2.798
2107	1.5034	0.0	0.0
2108	0.0	0.0	0.0
2109	1.3784999999999998	0.0	0.0
2110	0.0	0.0	0.0
2111	4.7831	5.327	5.327
2112	0.0	0.0	0.0
2113	4.3749	2.6059	2.6059
2114	3.4134	0.7153	0.7153
2115	5.7865	4.0854	4.0854
2116	4.0276499999999995	3.87365	3.87365
2117	4.990399999999999	2.4246	2.4246
2118	0.0	0.0	0.0
2119	4.6141000000000005	1.9646	1.9646
2120	3.2826	2.69055	2.69055
2121	0.0	0.0	0.0
2122	4.35055	3.5137	3.5137
2123	1.7067999999999999	0.3168	0.3168
2124	4.34545	2.0189500000000002	2.0189500000000002
2125	3.6397500000000003	4.03825	4.03825
2126	0.0	2.517	2.517
2127	0.9982	0.52925	0.52925
2128	4.10195	0.0	0.0
2129	3.79655	0.0	0.0
2130	1.6573	2.1522	2.1522
2131	0.65865	2.1387	2.1387
2132	0.0	0.0	0.0
2133	2.8567	1.1421	1.1421
2134	0.65865	2.1387	2.1387
2135	1.3813	4.004	4.004
2136	5.3337	2.9546	2.9546
2137	3.42015	2.82375	2.82375
2138	1.5966	5.2477	5.2477
2139	3.2735	0.0	0.0
2140	0.0	0.0	0.0
2141	4.3744499999999995	3.2717	3.2717
2142	3.1336	0.39715	0.39715
2143	0.0	0.0	0.0
2144	2.58965	2.4941	2.4941
2145	3.3136	0.0	0.0
2146	1.6665	2.0980499999999997	2.0980499999999997
2147	2.4895	2.4703999999999997	2.4703999999999997
2148	2.0689	1.54335	1.54335
2149	2.3775	6.20115	6.20115
2150	2.50665	1.2347	1.2347
2151	1.5368	3.6686	3.6686
2152	1.6843	2.8054	2.8054
2153	4.65325	2.0731	2.0731
2154	0.0	0.0	0.0
2155	3.1761	4.034599999999999	4.034599999999999
2156	2.6642	0.7041999999999999	0.7041999999999999
2157	2.5134	2.1946	2.1946
2158	0.0	0.0	0.0
2159	0.0	0.0	0.0
2160	2.5134	2.1946	2.1946
2161	0.0	0.0	0.0
2162	2.7596	0.0	0.0
2163	0.0	0.0	0.0
2164	5.65715	0.0	0.0
2165	1.64825	1.8132	1.8132
2166	3.378	0.0	0.0
2167	2.2064500000000002	3.2783499999999997	3.2783499999999997
2168	3.0729	1.6268	1.6268
2169	3.6603	2.7962	2.7962
2170	5.839700000000001	3.0881	3.0881
2171	0.0	4.50595	4.50595
2172	0.0	3.0969499999999996	3.0969499999999996
2173	4.228149999999999	0.0	0.0
2174	2.2081	3.0966	3.0966
2175	3.5922	2.48155	2.48155
2176	0.0	0.0	0.0
2177	0.0	0.0	0.0
2178	4.0609	0.0	0.0
2179	5.0891	0.0	0.0
2180	0.0	0.0	0.0
2181	4.558	0.0	0.0
2182	1.4844	0.9773000000000001	0.9773000000000001
2183	1.69255	1.568	1.568
2184	3.1557	1.9431	1.9431
2185	2.50345	3.1849499999999997	3.1849499999999997
2186	1.19055	0.76945	0.76945
2187	2.8551	0.0	0.0
2188	0.0	0.0	0.0
2189	3.73085	0.0	0.0
2190	0.0	0.0	0.0
2191	1.74855	2.8432	2.8432
2192	1.8928	0.0	0.0
2193	0.0	0.0	0.0
2194	1.3411499999999998	1.98	1.98
2195	0.0	0.0	0.0
2196	0.07445	0.0	0.0
2197	2.5972	4.0867	4.0867
2198	1.6663999999999999	3.2494	3.2494
2199	0.0	0.0	0.0
2200	4.0394	5.0091	5.0091
2201	0.0	0.0	0.0
2202	0.0716	2.49435	2.49435
2203	1.99655	0.0	0.0
2204	0.0	0.0	0.0
2205	0.0	3.3716	3.3716
2206	4.6132	3.36005	3.36005
2207	1.8618	2.1215	2.1215
2208	4.1107499999999995	1.2138	1.2138
2209	0.0	0.0	0.0
2210	2.0604	0.0	0.0
2211	0.0	0.0	0.0
2212	5.0459	0.0	0.0
2213	3.7922000000000002	0.0	0.0
2214	0.0	0.0	0.0
2215	0.0	1.12	1.12
2216	3.4466	4.1598	4.1598
2217	0.63045	2.4631499999999997	2.4631499999999997
2218	0.0	0.0	0.0
2219	3.1087	2.4937	2.4937
2220	2.1977	0.0	0.0
2221	1.73495	3.3941	3.3941
2222	0.0	2.4087	2.4087
2223	0.0	0.0	0.0
2224	0.0	0.0	0.0
2225	3.4554	4.328799999999999	4.328799999999999
2226	0.0	0.0	0.0
2227	2.9286	4.2834	4.2834
2228	2.5979	1.3189	1.3189
2229	0.0	0.0	0.0
2230	0.0	0.0	0.0
2231	2.2921500000000004	1.5994	1.5994
2232	1.9891999999999999	3.0329	3.0329
2233	0.0	0.0	0.0
2234	2.3091	0.0	0.0
2235	2.2705	0.0	0.0
2236	0.0	0.0	0.0
2237	2.3288	1.59375	1.59375
2238	5.0790500000000005	2.7237	2.7237
2239	1.9891999999999999	3.0329	3.0329
2240	0.0	0.0	0.0
2241	0.0	4.4927	4.4927
2242	2.3513	2.7028	2.7028
2243	2.5916	2.1898	2.1898
2244	1.9665	0.0	0.0
2245	2.0896	4.21765	4.21765
2246	1.40885	2.6201	2.6201
2247	2.627	3.3868	3.3868
2248	3.80625	3.0429	3.0429
2249	0.0	5.1007	5.1007
2250	1.335	2.8493500000000003	2.8493500000000003
2251	2.5755999999999997	4.14185	4.14185
2252	1.82715	2.10615	2.10615
2253	0.0	0.0	0.0
2254	3.3999	2.69785	2.69785
2255	2.4185	1.7448000000000001	1.7448000000000001
2256	0.0	0.0	0.0
2257	0.0	0.0	0.0
2258	3.2237	3.4554	3.4554
2259	0.0	0.0	0.0
2260	0.0	0.0	0.0
2261	1.9598499999999999	2.4409	2.4409
2262	2.658	5.163600000000001	5.163600000000001
2263	0.0	0.0	0.0
2264	2.8409500000000003	1.79205	1.79205
2265	0.0	0.18864999999999998	0.18864999999999998
2266	0.0	0.0	0.0
2267	0.0	0.0	0.0
2268	2.60195	4.1622	4.1622
2269	1.8106	1.1709	1.1709
2270	1.0607	0.92145	0.92145
2271	0.0	0.0	0.0
2272	0.0	4.6833	4.6833
2273	2.771	4.0297	4.0297
2274	0.0	0.0	0.0
2275	1.0607	0.95325	0.95325
2276	2.3336	2.5542	2.5542
2277	1.7161499999999998	4.1425	4.1425
2278	0.0	0.0	0.0
2279	3.0008999999999997	2.909	2.909
2280	1.0552	1.6654	1.6654
2281	0.0	0.0	0.0
2282	1.9948000000000001	3.9932	3.9932
2283	0.0	0.0	0.0
2284	3.28095	1.86435	1.86435
2285	2.3735	0.0	0.0
2286	3.2041500000000003	1.67645	1.67645
2287	3.1637	2.8308	2.8308
2288	0.0	0.0	0.0
2289	0.0	0.9977	0.9977
2290	0.0	0.0	0.0
2291	0.23225	1.86785	1.86785
2292	2.6525	1.726	1.726
2293	1.6836	3.1668	3.1668
2294	2.4821999999999997	2.4048	2.4048
2295	0.0	0.0	0.0
2296	2.0935	3.4822	3.4822
2297	3.9186	0.0	0.0
2298	2.8478	3.0709	3.0709
2299	0.0	0.0	0.0
2300	1.3064	3.4307	3.4307
2301	3.7096	0.0	0.0
2302	0.0	0.0	0.0
2303	0.0	0.0	0.0
2304	3.4581	2.24	2.24
2305	0.0	0.0	0.0
2306	1.1816	0.0	0.0
2307	2.79985	5.1871	5.1871
2308	3.2703	3.7686	3.7686
2309	0.4534	4.14115	4.14115
2310	1.85005	2.8049	2.8049
2311	3.2301	2.60105	2.60105
2312	0.0	0.0	0.0
2313	2.9867	2.277	2.277
2314	0.98525	0.0	0.0
2315	4.0676	2.1338999999999997	2.1338999999999997
2316	0.0	0.0	0.0
2317	2.8148999999999997	2.6067	2.6067
2318	0.0	0.0	0.0
2319	4.8609	1.6837	1.6837
2320	0.0	0.0	0.0
2321	0.0	0.0	0.0
2322	1.6103	0.054	0.054
2323	2.31905	2.5844	2.5844
2324	0.0	0.0	0.0
2325	0.0	4.7249	4.7249
2326	0.0	2.8009500000000003	2.8009500000000003
2327	2.57565	5.25485	5.25485
2328	0.0	0.0	0.0
2329	0.0	0.0	0.0
2330	5.26285	0.8692	0.8692
2331	0.0	4.74655	4.74655
2332	2.3934	2.2167	2.2167
2333	0.0	0.0	0.0
2334	0.0	0.0	0.0
2335	0.4848	0.0	0.0
2336	2.20145	1.5652	1.5652
2337	3.0779	6.9624	6.9624
2338	1.7305000000000001	3.0050499999999998	3.0050499999999998
2339	0.9179	2.4328000000000003	2.4328000000000003
2340	2.4395	0.0	0.0
2341	0.0	5.597200000000001	5.597200000000001
2342	2.1052	0.0	0.0
2343	0.0	0.0	0.0
2344	4.837	0.6895	0.6895
2345	4.98825	5.186999999999999	5.186999999999999
2346	1.6793	1.8685	1.8685
2347	0.7342	0.0	0.0
2348	0.0	0.0	0.0
2349	0.0	0.0	0.0
2350	0.0	3.6792	3.6792
2351	0.0	0.0	0.0
2352	0.0	2.3344	2.3344
2353	0.0	0.0	0.0
2354	0.0	3.5506	3.5506
2355	4.2839	0.0	0.0
2356	1.38315	2.6945	2.6945
2357	2.6775	2.0842	2.0842
2358	0.0	0.0	0.0
2359	2.8947	0.0	0.0
2360	0.9187000000000001	0.0	0.0
2361	0.0	4.8079	4.8079
2362	0.0	0.0	0.0
2363	0.0	1.4298	1.4298
2364	0.0	0.0	0.0
2365	1.9827	2.2579	2.2579
2366	4.4199	0.0	0.0
2367	1.7039	2.7204	2.7204
2368	1.899	5.0973	5.0973
2369	0.0	1.37765	1.37765
2370	1.9765	0.71425	0.71425
2371	1.9916	0.0	0.0
2372	2.0065	4.268800000000001	4.268800000000001
2373	0.0	3.65545	3.65545
2374	4.2105	4.0657	4.0657
2375	1.0264	4.73915	4.73915
2376	4.28785	0.0	0.0
2377	3.57205	2.5342000000000002	2.5342000000000002
2378	3.6876	3.0895	3.0895
2379	3.32125	1.0889	1.0889
2380	1.665	3.0557499999999997	3.0557499999999997
2381	2.2477	3.3953	3.3953
2382	0.0	0.0	0.0
2383	2.9544499999999996	0.0	0.0
2384	5.8855	0.0	0.0
2385	0.0	0.8129	0.8129
2386	2.2698	1.68245	1.68245
2387	0.0	0.0	0.0
2388	2.6536	2.787	2.787
2389	2.3185000000000002	0.0	0.0
2390	2.01745	2.3326	2.3326
2391	0.0	0.0	0.0
2392	2.4827000000000004	4.815	4.815
2393	0.0	0.5925	0.5925
2394	3.0574500000000002	2.58845	2.58845
2395	1.2668	1.0671	1.0671
2396	2.9174	0.0	0.0
2397	0.0	0.0	0.0
2398	6.395899999999999	0.0	0.0
2399	2.49	3.71645	3.71645
2400	1.6595499999999999	3.8831499999999997	3.8831499999999997
2401	0.0	0.0	0.0
2402	1.6445	2.16005	2.16005
2403	0.0	0.0	0.0
2404	1.8325	2.5472	2.5472
2405	0.0	0.0	0.0
2406	3.17105	2.21925	2.21925
2407	2.9014	0.0	0.0
2408	0.0	0.0	0.0
2409	2.55115	3.8183	3.8183
2410	5.6747	2.692	2.692
2411	0.0	0.0	0.0
2412	0.0	0.0	0.0
2413	4.35155	2.1951	2.1951
2414	3.0574500000000002	3.0924	3.0924
2415	0.0	0.0	0.0
2416	4.0192	3.027	3.027
2417	0.0	0.0	0.0
2418	2.5468	6.4011	6.4011
2419	4.14545	3.79005	3.79005
2420	0.0	0.0	0.0
2421	0.0	0.0	0.0
2422	2.6811	3.8968	3.8968
2423	0.0	0.0	0.0
2424	0.0	0.0	0.0
2425	1.1871	2.4629	2.4629
2426	0.0	0.0	0.0
2427	0.0	0.0	0.0
2428	0.0	0.0	0.0
2429	0.0	0.0	0.0
2430	0.0	0.0	0.0
2431	0.0	0.0	0.0
2432	0.0	0.0	0.0
2433	0.0	0.0	0.0
2434	5.96705	3.3704	3.3704
2435	0.0	0.0	0.0
2436	0.0	4.0336	4.0336
2437	4.4541	3.7978	3.7978
2438	0.0	0.0	0.0
2439	0.0	0.0	0.0
2440	3.5995	2.8508	2.8508
2441	2.9343500000000002	3.1472499999999997	3.1472499999999997
2442	2.3829000000000002	3.3086	3.3086
2443	0.0	6.6017	6.6017
2444	2.3883	3.4381	3.4381
2445	3.0391	6.5281	6.5281
2446	0.0	0.0	0.0
2447	4.2065	5.5042	5.5042
2448	0.0	0.0	0.0
2449	0.0	0.0	0.0
2450	0.0	0.0	0.0
2451	0.0	0.0	0.0
2452	0.0	0.0	0.0
2453	5.212	3.4345499999999998	3.4345499999999998
2454	1.727	2.9254	2.9254
2455	0.0	0.0	0.0
2456	2.4571	1.1944	1.1944
2457	2.2895	2.21655	2.21655
2458	0.0	0.0	0.0
2459	0.0	0.0	0.0
2460	3.23135	3.9774	3.9774
2461	3.2185	2.40965	2.40965
2462	0.0	0.0	0.0
2463	0.0	0.0	0.0
2464	0.0	0.0	0.0
2465	4.030950000000001	4.5775500000000005	4.5775500000000005
2466	1.3601	1.1634	1.1634
2467	3.5104	2.1807	2.1807
2468	0.0	0.0	0.0
2469	0.0	0.0	0.0
2470	2.5204	3.31705	3.31705
2471	2.8754999999999997	0.0	0.0
2472	0.0	0.0	0.0
2473	2.6983	0.3513	0.3513
2474	2.2891	0.0	0.0
2475	4.41345	6.7621	6.7621
2476	0.0	0.0	0.0
2477	5.4102	3.8125999999999998	3.8125999999999998
2478	1.5154	0.0	0.0
2479	2.9461500000000003	5.6569	5.6569
2480	6.4243500000000004	6.1624	6.1624
2481	7.142049999999999	1.7362	1.7362
2482	0.0	0.0	0.0
2483	4.2198	2.877	2.877
2484	0.0	0.0	0.0
2485	0.0	0.0	0.0
2486	2.3352500000000003	2.8526	2.8526
2487	0.0	0.0	0.0
2488	3.1892	2.7995	2.7995
2489	0.0	0.0	0.0
2490	0.0	0.0	0.0
2491	0.0	0.0	0.0
2492	5.7272	5.4356	5.4356
2493	0.0	0.0	0.0
2494	0.0	0.0	0.0
2495	1.9663	1.9474	1.9474
2496	0.0	0.0	0.0
2497	2.6872	2.1891	2.1891
2498	0.0	0.0	0.0
2499	3.2903	4.9389	4.9389
2500	0.0	0.0	0.0
2501	0.0	0.0	0.0
2502	2.87215	6.0606	6.0606
2503	0.0	0.0	0.0
2504	7.1777	3.5922	3.5922
2505	6.18685	3.75525	3.75525
2506	0.0	0.0	0.0
2507	0.0	0.0	0.0
2508	0.0	0.5957	0.5957
