star	x_fwhm	y_fwhm	avg_fwhm
1	3.644225	3.296175	3.296175
2	3.107025	2.8645	2.8645
3	3.1374500000000003	3.0566	3.0566
4	2.7815000000000003	2.6586	2.6586
5	2.936	2.867575	2.867575
6	2.977075	2.9212000000000002	2.9212000000000002
7	3.06265	3.0643	3.0643
8	3.011375	2.8693	2.8693
9	3.1121499999999997	2.925675	2.925675
10	2.934375	2.8347749999999996	2.8347749999999996
11	3.1045499999999997	3.114175	3.114175
12	3.2119	2.9486499999999998	2.9486499999999998
13	3.1138500000000002	3.0220000000000002	3.0220000000000002
14	3.1273	2.8236	2.8236
15	2.835075	2.8374249999999996	2.8374249999999996
16	3.217925	3.127375	3.127375
17	3.297575	2.9639249999999997	2.9639249999999997
18	3.3142	3.0912	3.0912
19	2.901475	2.9391	2.9391
20	0.0	0.0	0.0
21	2.97025	3.0846999999999998	3.0846999999999998
22	3.19875	3.1700999999999997	3.1700999999999997
23	3.283975	3.1805250000000003	3.1805250000000003
24	3.4753999999999996	3.249675	3.249675
25	3.0931750000000005	2.9514	2.9514
26	3.429675	3.056575	3.056575
27	3.230275	3.2285	3.2285
28	3.1919	2.935725	2.935725
29	3.1228	2.9742249999999997	2.9742249999999997
30	3.0470499999999996	3.09145	3.09145
31	3.0938499999999998	2.97585	2.97585
32	2.925625	2.763875	2.763875
33	3.26915	3.1350249999999997	3.1350249999999997
34	2.8946750000000003	2.7657249999999998	2.7657249999999998
35	3.4636250000000004	3.1384749999999997	3.1384749999999997
36	2.99755	2.7705	2.7705
37	3.0217	2.92105	2.92105
38	2.9998	2.8513	2.8513
39	3.0332749999999997	2.9270500000000004	2.9270500000000004
40	3.2428	3.012925	3.012925
41	3.063475	2.94055	2.94055
42	3.1392499999999997	2.9330249999999998	2.9330249999999998
43	3.3472999999999997	3.14785	3.14785
44	3.08935	3.0707500000000003	3.0707500000000003
45	3.22415	2.904275	2.904275
46	4.037625	3.7342	3.7342
47	3.262275	3.186175	3.186175
48	3.2185	3.0284750000000003	3.0284750000000003
49	3.14365	2.9956249999999995	2.9956249999999995
50	3.66675	2.8832750000000003	2.8832750000000003
51	3.315975	2.98325	2.98325
52	3.139175	3.060075	3.060075
53	2.9862	2.8057999999999996	2.8057999999999996
54	3.045475	2.8194	2.8194
55	3.1089	3.124825	3.124825
56	3.31785	3.21375	3.21375
57	3.1669	3.007425	3.007425
58	0.0	0.0	0.0
59	0.0	0.0	0.0
60	2.95635	3.45615	3.45615
61	3.11525	2.9320000000000004	2.9320000000000004
62	2.696075	2.76975	2.76975
63	0.0	0.0	0.0
64	2.40685	1.47695	1.47695
65	3.083875	2.893325	2.893325
66	3.39435	3.370975	3.370975
67	2.8306	2.8658	2.8658
68	3.2875	3.02785	3.02785
69	3.206825	3.1765	3.1765
70	2.723625	2.5702749999999996	2.5702749999999996
71	3.31465	3.0668499999999996	3.0668499999999996
72	2.947625	2.9741999999999997	2.9741999999999997
73	3.1511	3.0246	3.0246
74	3.2671	3.03725	3.03725
75	2.96725	2.823	2.823
76	3.09185	2.98075	2.98075
77	3.1349	3.033975	3.033975
78	3.0743	3.0979	3.0979
79	3.1228249999999997	2.9907500000000002	2.9907500000000002
80	3.212725	3.1696	3.1696
81	0.0	0.0	0.0
82	3.04535	2.8466500000000003	2.8466500000000003
83	3.1297249999999996	2.8919	2.8919
84	3.057125	3.6117999999999997	3.6117999999999997
85	2.93185	2.899575	2.899575
86	3.06845	2.8768000000000002	2.8768000000000002
87	3.197775	3.1201749999999997	3.1201749999999997
88	3.2838000000000003	3.6678499999999996	3.6678499999999996
89	2.955875	2.86325	2.86325
90	3.1547	3.019025	3.019025
91	3.21115	2.98095	2.98095
92	3.186825	2.970975	2.970975
93	3.148275	3.116275	3.116275
94	3.171125	3.165875	3.165875
95	3.0384	3.086125	3.086125
96	3.0754	3.01605	3.01605
97	3.0088999999999997	3.06955	3.06955
98	3.0832750000000004	3.081625	3.081625
99	3.08955	3.05355	3.05355
100	0.0	0.0	0.0
101	3.280475	3.3057	3.3057
102	3.2662	3.13445	3.13445
103	3.1048	3.0189250000000003	3.0189250000000003
104	3.1054250000000003	3.0713500000000002	3.0713500000000002
105	3.110625	3.2106500000000002	3.2106500000000002
106	4.334849999999999	3.0717499999999998	3.0717499999999998
107	2.46	2.3522	2.3522
108	3.22965	2.818475	2.818475
109	3.0250500000000002	2.920275	2.920275
110	3.584525	3.0576499999999998	3.0576499999999998
111	2.715825	2.492725	2.492725
112	3.4052	2.97825	2.97825
113	3.1998249999999997	3.10905	3.10905
114	3.2921249999999995	3.069625	3.069625
115	3.183525	3.2207999999999997	3.2207999999999997
116	3.021725	2.718775	2.718775
117	3.09015	2.937025	2.937025
118	2.9015	3.1306000000000003	3.1306000000000003
119	3.27935	3.303375	3.303375
120	3.132325	2.913775	2.913775
121	3.191375	3.0128	3.0128
122	3.12445	2.78745	2.78745
123	3.22275	3.252675	3.252675
124	3.266725	3.046525	3.046525
125	0.0	0.0	0.0
126	3.4335	3.2142	3.2142
127	0.0	0.0	0.0
128	3.49965	3.373775	3.373775
129	3.1716	3.1212999999999997	3.1212999999999997
130	3.2442	3.1073000000000004	3.1073000000000004
131	2.447175	2.299125	2.299125
132	0.0	0.0	0.0
133	0.590675	1.515325	1.515325
134	3.150775	2.929325	2.929325
135	0.0	0.0	0.0
136	2.89935	2.8374249999999996	2.8374249999999996
137	3.29035	3.1849499999999997	3.1849499999999997
138	3.6423	6.170425	6.170425
139	2.8507749999999996	2.8175	2.8175
140	3.44275	2.82005	2.82005
141	3.0540249999999998	2.855875	2.855875
142	3.04035	2.974875	2.974875
143	3.20885	3.0440750000000003	3.0440750000000003
144	2.7670500000000002	2.60625	2.60625
145	3.2973999999999997	2.95355	2.95355
146	3.35515	4.0565	4.0565
147	3.2440499999999997	3.211275	3.211275
148	2.715275	2.3811999999999998	2.3811999999999998
149	3.26835	3.248175	3.248175
150	3.1172	2.871025	2.871025
151	3.2717	3.248175	3.248175
152	3.48625	3.59905	3.59905
153	3.022025	3.1028000000000002	3.1028000000000002
154	2.8766499999999997	2.743325	2.743325
155	2.9081	2.752725	2.752725
156	3.113875	2.895425	2.895425
157	3.0937	2.84835	2.84835
158	3.0149999999999997	3.07695	3.07695
159	3.1856999999999998	3.0052	3.0052
160	3.156375	3.2375	3.2375
161	3.364	2.844725	2.844725
162	3.203325	2.90675	2.90675
163	3.42065	3.10825	3.10825
164	3.315225	3.177675	3.177675
165	3.1660000000000004	2.9512	2.9512
166	3.323875	3.24555	3.24555
167	3.177	3.280875	3.280875
168	4.291875	5.2904	5.2904
169	2.946975	2.7445500000000003	2.7445500000000003
170	3.08605	3.0722750000000003	3.0722750000000003
171	3.22125	3.351775	3.351775
172	3.34715	2.807575	2.807575
173	3.375575	3.1468499999999997	3.1468499999999997
174	3.5256749999999997	3.924225	3.924225
175	3.3078000000000003	3.024025	3.024025
176	2.9780249999999997	2.664025	2.664025
177	0.0	0.0	0.0
178	3.221275	3.154575	3.154575
179	0.0	0.0	0.0
180	3.0945	2.90815	2.90815
181	3.092775	2.979425	2.979425
182	3.2036499999999997	3.13285	3.13285
183	0.0	0.0	0.0
184	3.3253	2.9516999999999998	2.9516999999999998
185	3.2871	3.2220750000000002	3.2220750000000002
186	2.96835	2.7988999999999997	2.7988999999999997
187	3.254275	3.136825	3.136825
188	2.8174	2.316325	2.316325
189	3.29195	2.95615	2.95615
190	3.20575	3.5619	3.5619
191	0.0	0.0	0.0
192	0.0	0.0	0.0
193	3.16425	3.1388999999999996	3.1388999999999996
194	2.9487	3.26945	3.26945
195	2.972525	4.605675	4.605675
196	3.19985	3.1798	3.1798
197	3.3954	2.8290249999999997	2.8290249999999997
198	3.175225	3.1049499999999997	3.1049499999999997
199	3.1060250000000003	2.911175	2.911175
200	0.0	0.0	0.0
201	3.3396999999999997	3.383675	3.383675
202	3.4458	2.9173999999999998	2.9173999999999998
203	3.14705	3.027125	3.027125
204	3.220325	2.93705	2.93705
205	4.19595	3.0439499999999997	3.0439499999999997
206	0.0	0.0	0.0
207	4.207050000000001	3.1632999999999996	3.1632999999999996
208	2.9061500000000002	2.5065749999999998	2.5065749999999998
209	3.178825	3.242475	3.242475
210	0.0	0.0	0.0
211	2.930675	2.900575	2.900575
212	3.21115	3.080625	3.080625
213	3.20695	3.003175	3.003175
214	0.0	0.0	0.0
215	3.178325	3.083775	3.083775
216	3.2832999999999997	3.099025	3.099025
217	3.20275	3.4086250000000002	3.4086250000000002
218	3.076425	2.681375	2.681375
219	3.17705	3.04715	3.04715
220	3.10095	3.0523999999999996	3.0523999999999996
221	3.4955249999999998	3.61965	3.61965
222	3.2729	3.1927000000000003	3.1927000000000003
223	3.119125	3.2824	3.2824
224	3.0046	2.94625	2.94625
225	3.325025	3.998525	3.998525
226	3.2636	3.3785	3.3785
227	2.96405	2.93015	2.93015
228	3.3117	3.1099750000000004	3.1099750000000004
229	3.668375	2.84775	2.84775
230	3.4835000000000003	3.03055	3.03055
231	2.69975	2.6020499999999998	2.6020499999999998
232	2.707775	2.9632	2.9632
233	2.6121	0.0	0.0
234	2.7079	2.925175	2.925175
235	3.26875	3.039025	3.039025
236	3.03845	3.0050749999999997	3.0050749999999997
237	3.283	3.2744999999999997	3.2744999999999997
238	3.186425	3.0633250000000003	3.0633250000000003
239	3.5973499999999996	3.37755	3.37755
240	3.363775	3.6415499999999996	3.6415499999999996
241	3.477275	3.0984499999999997	3.0984499999999997
242	3.035625	2.9436	2.9436
243	3.270875	2.942525	2.942525
244	2.9959249999999997	2.917225	2.917225
245	3.23865	3.0108	3.0108
246	3.5638	3.381675	3.381675
247	2.99305	3.206225	3.206225
248	3.112625	3.2112	3.2112
249	2.9109249999999998	2.9163499999999996	2.9163499999999996
250	2.916125	3.024875	3.024875
251	3.0031999999999996	3.139925	3.139925
252	3.0004999999999997	3.0435	3.0435
253	2.9728499999999998	2.9114500000000003	2.9114500000000003
254	3.0481499999999997	3.2100500000000003	3.2100500000000003
255	3.5182	3.1354500000000005	3.1354500000000005
256	3.5084	3.129125	3.129125
257	3.33345	3.1371	3.1371
258	2.909125	2.786925	2.786925
259	2.9442000000000004	3.061975	3.061975
260	3.1521999999999997	3.18065	3.18065
261	3.6822	2.71945	2.71945
262	3.0355	2.9444749999999997	2.9444749999999997
263	3.613525	2.8790999999999998	2.8790999999999998
264	0.0	0.0	0.0
265	3.6332500000000003	4.311624999999999	4.311624999999999
266	3.20115	3.2513250000000005	3.2513250000000005
267	3.1008	2.898225	2.898225
268	3.59215	2.8770249999999997	2.8770249999999997
269	3.14145	3.319025	3.319025
270	3.2521750000000003	3.14255	3.14255
271	3.34015	2.83525	2.83525
272	3.1324500000000004	2.699625	2.699625
273	2.63865	2.78965	2.78965
274	2.6396249999999997	2.8141	2.8141
275	0.0	0.0	0.0
276	3.147225	3.404675	3.404675
277	3.028075	3.26255	3.26255
278	0.0	0.0	0.0
279	3.1004500000000004	2.7496	2.7496
280	3.5002	5.55645	5.55645
281	2.98275	2.6955999999999998	2.6955999999999998
282	3.03095	2.875025	2.875025
283	3.817675	3.0599499999999997	3.0599499999999997
284	3.1498	3.1959	3.1959
285	4.72575	3.412775	3.412775
286	1.14195	3.0511	3.0511
287	3.116325	3.19895	3.19895
288	2.93985	2.73685	2.73685
289	3.029	2.874	2.874
290	2.9664	3.0258000000000003	3.0258000000000003
291	3.13895	2.975575	2.975575
292	3.156525	2.92305	2.92305
293	0.0	0.0	0.0
294	2.8577	2.75535	2.75535
295	0.0	0.0	0.0
296	4.02885	3.3638500000000002	3.3638500000000002
297	3.23735	3.1346499999999997	3.1346499999999997
298	3.3103749999999996	3.845475	3.845475
299	3.5002	5.9376	5.9376
300	3.31635	3.13645	3.13645
301	3.447425	3.2698	3.2698
302	0.0	0.0	0.0
303	3.11185	2.8865499999999997	2.8865499999999997
304	4.1282	2.95585	2.95585
305	2.82415	2.967925	2.967925
306	3.0166	3.25985	3.25985
307	3.9026	2.95025	2.95025
308	3.6723749999999997	2.960025	2.960025
309	0.0	0.0	0.0
310	2.091725	1.515925	1.515925
311	4.27815	3.711825	3.711825
312	0.0	0.0	0.0
313	3.2888	3.1756	3.1756
314	0.0	0.0	0.0
315	3.407	2.90045	2.90045
316	3.00385	3.27345	3.27345
317	3.82875	4.017025	4.017025
318	3.135475	3.1296749999999998	3.1296749999999998
319	2.697875	2.8495999999999997	2.8495999999999997
320	3.193125	3.0838	3.0838
321	2.8256750000000004	3.11675	3.11675
322	3.400925	3.99315	3.99315
323	3.45675	3.0161499999999997	3.0161499999999997
324	0.0	0.0	0.0
325	3.3393499999999996	3.063275	3.063275
326	3.620025	3.1109	3.1109
327	4.1682500000000005	3.14815	3.14815
328	0.0	0.0	0.0
329	3.194975	3.1174749999999998	3.1174749999999998
330	3.1554	2.933275	2.933275
331	3.2709	3.040575	3.040575
332	2.9243750000000004	2.6955999999999998	2.6955999999999998
333	3.6731749999999996	3.390525	3.390525
334	2.711075	2.2710749999999997	2.2710749999999997
335	3.2116	2.78445	2.78445
336	0.0	0.0	0.0
337	2.6060999999999996	2.79105	2.79105
338	3.08675	2.988775	2.988775
339	3.240775	2.7281500000000003	2.7281500000000003
340	3.3486000000000002	3.04295	3.04295
341	2.87575	2.8539	2.8539
342	3.12555	2.72285	2.72285
343	2.96375	2.8498	2.8498
344	3.0108499999999996	3.3543	3.3543
345	3.4447	3.2653	3.2653
346	0.0	0.0	0.0
347	3.2463499999999996	2.7193	2.7193
348	3.042625	2.773325	2.773325
349	3.805975	3.0810750000000002	3.0810750000000002
350	3.0195	2.7654	2.7654
351	3.37135	2.8705499999999997	2.8705499999999997
352	3.34545	3.123425	3.123425
353	3.67675	2.7445500000000003	2.7445500000000003
354	2.8474500000000003	2.81405	2.81405
355	3.14195	3.34875	3.34875
356	2.415725	3.017475	3.017475
357	3.447075	3.7926	3.7926
358	2.7113	2.607775	2.607775
359	3.0367999999999995	3.2029750000000003	3.2029750000000003
360	3.6841	3.5344249999999997	3.5344249999999997
361	0.0	0.0	0.0
362	3.40555	3.1076750000000004	3.1076750000000004
363	3.42585	2.75265	2.75265
364	3.1204	2.9297750000000002	2.9297750000000002
365	2.899875	3.028975	3.028975
366	2.9833499999999997	3.42325	3.42325
367	3.0622	3.133075	3.133075
368	2.8758749999999997	3.041375	3.041375
369	3.34895	3.627875	3.627875
370	0.0	0.0	0.0
371	2.9815250000000004	3.1007749999999996	3.1007749999999996
372	3.210775	2.6906999999999996	2.6906999999999996
373	3.512	3.1555999999999997	3.1555999999999997
374	0.0	0.0	0.0
375	3.10065	2.61375	2.61375
376	2.9578249999999997	2.932725	2.932725
377	2.91495	2.7771999999999997	2.7771999999999997
378	4.639375	2.785775	2.785775
379	2.8166	2.76455	2.76455
380	2.9544	2.93375	2.93375
381	2.79145	2.28895	2.28895
382	3.1105	3.1803	3.1803
383	3.3841	3.290325	3.290325
384	4.33045	4.393	4.393
385	3.281625	3.557675	3.557675
386	3.1467	2.9800500000000003	2.9800500000000003
387	3.0076	3.13995	3.13995
388	0.0	0.0	0.0
389	0.0	0.0	0.0
390	3.13865	2.917775	2.917775
391	2.7137000000000002	3.3968	3.3968
392	2.9934000000000003	3.622875	3.622875
393	3.0335	3.066725	3.066725
394	0.0	0.0	0.0
395	3.2308250000000003	3.2907	3.2907
396	3.6866	3.36665	3.36665
397	3.2606	4.4794	4.4794
398	4.0026	2.985975	2.985975
399	3.2874499999999998	3.76	3.76
400	2.98485	3.3785999999999996	3.3785999999999996
401	1.1143	0.0	0.0
402	2.8333000000000004	2.8399	2.8399
403	3.251825	2.7913	2.7913
404	2.602875	3.405675	3.405675
405	3.112425	2.72325	2.72325
406	2.5486500000000003	3.4682000000000004	3.4682000000000004
407	2.9585	2.633025	2.633025
408	0.0	0.0	0.0
409	3.23705	2.9167249999999996	2.9167249999999996
410	3.468425	3.2041250000000003	3.2041250000000003
411	3.691775	3.359925	3.359925
412	3.484575	3.1978999999999997	3.1978999999999997
413	0.0	0.0	0.0
414	3.0943	2.9917000000000002	2.9917000000000002
415	0.0	0.0	0.0
416	2.872875	3.3360250000000002	3.3360250000000002
417	0.0	0.0	0.0
418	4.4060500000000005	2.9265	2.9265
419	0.0	0.0	0.0
420	5.36995	4.98475	4.98475
421	3.4394	3.425725	3.425725
422	5.10125	2.98585	2.98585
423	3.62	4.72315	4.72315
424	0.0	0.0	0.0
425	0.0	0.0	0.0
426	0.0	0.0	0.0
427	0.0	0.0	0.0
428	3.163675	3.3321	3.3321
429	4.581075	2.95675	2.95675
430	3.1595500000000003	3.142875	3.142875
431	0.0	0.0	0.0
432	5.378724999999999	4.9343	4.9343
433	0.0	0.0	0.0
434	5.436225	5.03195	5.03195
435	0.0	0.0	0.0
436	3.162825	3.03805	3.03805
437	3.0577	3.512075	3.512075
438	3.4000000000000004	2.9014750000000005	2.9014750000000005
439	3.1552249999999997	3.33725	3.33725
440	3.494575	3.8106	3.8106
441	2.8828	2.808675	2.808675
442	5.164949999999999	3.601625	3.601625
443	3.653875	2.9953	2.9953
444	2.8911	3.4678	3.4678
445	5.1617999999999995	3.593775	3.593775
446	3.011875	3.18555	3.18555
447	0.0	0.0	0.0
448	0.0	0.0	0.0
449	2.94795	3.201625	3.201625
450	3.1331499999999997	3.0695	3.0695
451	3.29175	2.8184750000000003	2.8184750000000003
452	4.2796	2.9777750000000003	2.9777750000000003
453	3.104225	3.106	3.106
454	3.8945499999999997	3.77835	3.77835
455	3.20235	2.82355	2.82355
456	3.477925	2.8042	2.8042
457	5.010875	2.871775	2.871775
458	0.0	0.0	0.0
459	5.1895	3.5957999999999997	3.5957999999999997
460	3.8065249999999997	2.984825	2.984825
461	3.0627	3.6233750000000002	3.6233750000000002
462	3.2033	3.8580750000000004	3.8580750000000004
463	3.5029500000000002	3.377475	3.377475
464	0.0	0.0	0.0
465	3.243225	2.9551250000000002	2.9551250000000002
466	3.553275	4.5934	4.5934
467	3.262425	4.108474999999999	4.108474999999999
468	3.3684250000000002	2.67165	2.67165
469	0.0	0.0	0.0
470	3.569375	3.349475	3.349475
471	0.0	0.0	0.0
472	3.637425	2.7773	2.7773
473	0.62835	1.03095	1.03095
474	4.7383750000000004	3.12115	3.12115
475	3.1546	2.9094499999999996	2.9094499999999996
476	3.20295	3.8204000000000002	3.8204000000000002
477	3.1013	2.950625	2.950625
478	3.853825	3.238425	3.238425
479	3.47635	4.959825	4.959825
480	3.11845	3.055675	3.055675
481	3.1117	3.335275	3.335275
482	2.90595	2.873775	2.873775
483	0.0	0.0	0.0
484	3.2058	3.5174	3.5174
485	3.0757000000000003	2.97975	2.97975
486	2.7817999999999996	2.7051	2.7051
487	3.682525	0.0	0.0
488	4.36235	3.0542	3.0542
489	2.9637000000000002	2.743175	2.743175
490	3.395	2.87275	2.87275
491	3.30795	3.4322999999999997	3.4322999999999997
492	0.0	0.0	0.0
493	3.1335	4.223675	4.223675
494	3.6999750000000002	0.0	0.0
495	3.65845	3.37305	3.37305
496	3.29895	3.06335	3.06335
497	3.00695	2.9525	2.9525
498	3.491	3.289675	3.289675
499	2.208725	2.372475	2.372475
500	2.94015	2.56855	2.56855
501	3.50185	3.611875	3.611875
502	0.0	0.0	0.0
503	3.467675	3.88535	3.88535
504	3.5582249999999997	7.700125	7.700125
505	3.0199249999999997	2.726	2.726
506	3.12865	4.3255	4.3255
507	0.0	0.0	0.0
508	2.926375	2.87065	2.87065
509	4.2369	3.5298249999999998	3.5298249999999998
510	4.1408000000000005	3.5905750000000003	3.5905750000000003
511	3.30415	3.3097000000000003	3.3097000000000003
512	3.3119750000000003	3.12175	3.12175
513	0.0	0.0	0.0
514	3.01875	3.690225	3.690225
515	0.0	0.0	0.0
516	0.0	0.0	0.0
517	2.86415	4.410175	4.410175
518	2.9978	3.753625	3.753625
519	3.017325	2.4908	2.4908
520	3.364	4.442	4.442
521	0.0	0.0	0.0
522	4.55565	2.941525	2.941525
523	0.0	0.0	0.0
524	5.63735	3.48395	3.48395
525	0.0	0.0	0.0
526	3.61865	2.545	2.545
527	2.901125	4.876250000000001	4.876250000000001
528	3.108275	2.879275	2.879275
529	3.4280749999999998	3.1361499999999998	3.1361499999999998
530	3.3781499999999998	2.71745	2.71745
531	5.755850000000001	3.3649	3.3649
532	4.5846	3.1189	3.1189
533	3.02775	2.5457	2.5457
534	5.836425	3.3649	3.3649
535	2.88915	3.99615	3.99615
536	0.0	0.0	0.0
537	1.9028	0.0	0.0
538	4.7978749999999994	2.917825	2.917825
539	5.584875	5.33215	5.33215
540	3.6106999999999996	3.446825	3.446825
541	3.30585	3.0687499999999996	3.0687499999999996
542	2.6875	2.2826500000000003	2.2826500000000003
543	2.995025	3.24045	3.24045
544	2.464525	2.14405	2.14405
545	3.313275	2.954225	2.954225
546	5.3132	4.624275000000001	4.624275000000001
547	3.8432500000000003	2.7114	2.7114
548	3.405475	3.358075	3.358075
549	2.8876	5.0428999999999995	5.0428999999999995
550	3.05295	6.963025	6.963025
551	2.830575	5.169449999999999	5.169449999999999
552	3.66015	4.185325	4.185325
553	0.0	0.0	0.0
554	2.825425	5.3004750000000005	5.3004750000000005
555	2.816	3.59495	3.59495
556	4.4955	2.78715	2.78715
557	0.0	0.0	0.0
558	2.8421000000000003	2.64005	2.64005
559	3.03015	2.8832750000000003	2.8832750000000003
560	2.9968	3.694675	3.694675
561	0.0	0.0	0.0
562	3.09525	3.053175	3.053175
563	3.366175	3.4865250000000003	3.4865250000000003
564	3.01975	2.5261750000000003	2.5261750000000003
565	4.574175	3.32475	3.32475
566	3.01975	2.5261750000000003	2.5261750000000003
567	3.09815	3.7504	3.7504
568	0.0	0.0	0.0
569	3.0309	2.7901249999999997	2.7901249999999997
570	3.1125499999999997	2.552775	2.552775
571	0.0	0.0	0.0
572	3.1294	3.68365	3.68365
573	4.003775	3.18155	3.18155
574	3.3427499999999997	3.2598000000000003	3.2598000000000003
575	2.8826	2.4618	2.4618
576	5.22635	3.661575	3.661575
577	2.839525	2.5553	2.5553
578	2.4640250000000004	3.2142999999999997	3.2142999999999997
579	2.695525	2.4872500000000004	2.4872500000000004
580	2.8427249999999997	2.9320250000000003	2.9320250000000003
581	3.289275	3.306875	3.306875
582	2.89355	2.9463749999999997	2.9463749999999997
583	3.7619	3.132175	3.132175
584	3.075275	3.0507999999999997	3.0507999999999997
585	2.8122499999999997	2.693525	2.693525
586	3.246075	5.771100000000001	5.771100000000001
587	5.22335	3.599425	3.599425
588	3.2256	2.581725	2.581725
589	3.170125	2.9858000000000002	2.9858000000000002
590	0.0	0.0	0.0
591	2.96615	2.60935	2.60935
592	2.9199	3.2342500000000003	3.2342500000000003
593	3.24345	2.903775	2.903775
594	0.0	0.0	0.0
595	0.0	0.0	0.0
596	3.102125	3.9853000000000005	3.9853000000000005
597	0.0	0.0	0.0
598	3.1501	3.457525	3.457525
599	3.4133	2.9621500000000003	2.9621500000000003
600	3.383525	2.76325	2.76325
601	2.53895	2.6290750000000003	2.6290750000000003
602	4.3286	2.8442749999999997	2.8442749999999997
603	4.80575	2.7498750000000003	2.7498750000000003
604	3.24695	3.32945	3.32945
605	2.7891500000000002	2.9122500000000002	2.9122500000000002
606	3.3534499999999996	3.06035	3.06035
607	0.0	0.0	0.0
608	3.0534499999999998	3.4206250000000002	3.4206250000000002
609	3.962225	3.07705	3.07705
610	0.0	0.0	0.0
611	3.167975	3.482425	3.482425
612	2.877	2.4621500000000003	2.4621500000000003
613	3.19695	2.4730499999999997	2.4730499999999997
614	2.669225	2.84255	2.84255
615	4.87055	2.5973750000000004	2.5973750000000004
616	4.05745	5.171775	5.171775
617	0.0	0.0	0.0
618	0.0	0.0	0.0
619	2.9194	3.1458500000000003	3.1458500000000003
620	3.1393	2.708075	2.708075
621	3.1271	3.368875	3.368875
622	0.0	0.0	0.0
623	4.817774999999999	2.6140999999999996	2.6140999999999996
624	3.25005	2.836075	2.836075
625	4.66455	2.944775	2.944775
626	2.979075	2.560925	2.560925
627	3.82315	2.8555	2.8555
628	3.570075	6.179675	6.179675
629	3.14325	3.0574000000000003	3.0574000000000003
630	3.67555	3.347525	3.347525
631	3.516875	6.179675	6.179675
632	1.204425	0.0	0.0
633	0.0	0.0	0.0
634	2.874	2.9251	2.9251
635	3.8108	3.988725	3.988725
636	2.820925	3.27405	3.27405
637	5.1775	2.470325	2.470325
638	3.2577	3.4507	3.4507
639	4.8207249999999995	4.3483	4.3483
640	3.26825	3.60015	3.60015
641	3.353675	3.2849250000000003	3.2849250000000003
642	3.2798499999999997	3.5418250000000002	3.5418250000000002
643	3.66075	3.434525	3.434525
644	0.0	0.0	0.0
645	3.82815	2.7150749999999997	2.7150749999999997
646	2.89555	2.7201500000000003	2.7201500000000003
647	0.0	0.0	0.0
648	4.05895	3.409225	3.409225
649	3.2047999999999996	2.4613750000000003	2.4613750000000003
650	3.22025	3.2481	3.2481
651	4.2357	3.5148	3.5148
652	0.0	0.88375	0.88375
653	2.836	4.9336	4.9336
654	4.162050000000001	3.2415	3.2415
655	0.76325	2.57475	2.57475
656	2.977175	6.250975	6.250975
657	3.0965	3.79615	3.79615
658	0.76325	2.57475	2.57475
659	0.0	0.0	0.0
660	0.0	0.0	0.0
661	3.4182750000000004	4.51	4.51
662	0.0	0.0	0.0
663	3.411625	4.53725	4.53725
664	4.760375	4.94985	4.94985
665	3.2167	3.33205	3.33205
666	3.7098500000000003	4.17215	4.17215
667	3.4109249999999998	3.424575	3.424575
668	3.5065	2.4930499999999998	2.4930499999999998
669	3.4687	3.55865	3.55865
670	2.59245	2.709375	2.709375
671	0.0	0.0	0.0
672	2.9304750000000004	4.7158750000000005	4.7158750000000005
673	3.432675	4.4662	4.4662
674	0.0	0.0	0.0
675	2.962375	3.9968500000000002	3.9968500000000002
676	2.44795	2.5757	2.5757
677	4.48235	3.2981	3.2981
678	3.2671	3.5441	3.5441
679	2.93945	4.716775	4.716775
680	3.31245	2.7262500000000003	2.7262500000000003
681	3.043025	2.4307	2.4307
682	2.926	3.145925	3.145925
683	4.5686	5.1233	5.1233
684	3.6639	3.474425	3.474425
685	2.774725	3.029575	3.029575
686	3.090225	2.9055999999999997	2.9055999999999997
687	5.1386	3.33985	3.33985
688	3.090225	2.9055999999999997	2.9055999999999997
689	4.1579999999999995	3.2757	3.2757
690	3.69085	2.719025	2.719025
691	4.288325	3.2487500000000002	3.2487500000000002
692	2.951275	4.126925	4.126925
693	3.9200749999999998	2.998275	2.998275
694	3.453225	2.8462750000000003	2.8462750000000003
695	4.07595	3.2605	3.2605
696	3.05145	4.658175	4.658175
697	3.718	3.13115	3.13115
698	2.8729	2.72195	2.72195
699	2.80405	2.8641	2.8641
700	0.0	0.0	0.0
701	2.784725	2.658	2.658
702	0.0	0.0	0.0
703	2.6864000000000003	2.8294749999999995	2.8294749999999995
704	3.39995	3.097875	3.097875
705	2.79	2.706875	2.706875
706	3.07035	2.5787250000000004	2.5787250000000004
707	2.9079499999999996	2.893325	2.893325
708	4.303075	3.7627249999999997	3.7627249999999997
709	2.9776499999999997	2.693625	2.693625
710	3.0708	2.79235	2.79235
711	0.0	0.0	0.0
712	6.093500000000001	3.5279	3.5279
713	0.0	0.0	0.0
714	3.2854	4.6294249999999995	4.6294249999999995
715	0.0	0.0	0.0
716	6.115575	3.59605	3.59605
717	3.080725	4.4033999999999995	4.4033999999999995
718	3.1917	3.012575	3.012575
719	5.441800000000001	3.3423249999999998	3.3423249999999998
720	3.260675	2.489825	2.489825
721	3.0698749999999997	3.452725	3.452725
722	4.305925	2.9162999999999997	2.9162999999999997
723	6.582425000000001	2.98785	2.98785
724	3.456525	2.8449999999999998	2.8449999999999998
725	4.2951250000000005	2.9162999999999997	2.9162999999999997
726	2.902625	3.03965	3.03965
727	3.00155	3.285625	3.285625
728	3.408825	2.8629750000000005	2.8629750000000005
729	3.062375	2.4720750000000002	2.4720750000000002
730	4.7021500000000005	3.152825	3.152825
731	0.0	0.0	0.0
732	3.2717	2.9990750000000004	2.9990750000000004
733	3.9993250000000002	4.33775	4.33775
734	3.7834000000000003	2.762875	2.762875
735	3.7243000000000004	3.03315	3.03315
736	3.544575	3.16955	3.16955
737	3.20605	3.4438750000000002	3.4438750000000002
738	0.0	0.0	0.0
739	3.4076	2.7799500000000004	2.7799500000000004
740	4.755375	3.141675	3.141675
741	4.340249999999999	3.19935	3.19935
742	3.8302	3.334425	3.334425
743	3.128825	2.940975	2.940975
744	3.272775	3.5247	3.5247
745	0.0	0.0	0.0
746	2.9399	2.9455500000000003	2.9455500000000003
747	3.277075	3.30265	3.30265
748	2.6834	2.44215	2.44215
749	3.0326250000000003	3.7207	3.7207
750	6.5977	3.08635	3.08635
751	3.1641000000000004	3.318575	3.318575
752	3.304425	3.53795	3.53795
753	3.8461499999999997	3.9122500000000002	3.9122500000000002
754	2.94055	3.063175	3.063175
755	3.775475	3.1092250000000003	3.1092250000000003
756	0.0	0.0	0.0
757	0.0	0.0	0.0
758	0.0	0.0	0.0
759	3.0369	3.5200250000000004	3.5200250000000004
760	3.13685	3.796725	3.796725
761	3.7373250000000002	3.12135	3.12135
762	2.6869	3.23055	3.23055
763	2.696575	3.09245	3.09245
764	3.1903249999999996	2.7003500000000003	2.7003500000000003
765	3.946675	4.04125	4.04125
766	2.946925	2.9711	2.9711
767	2.9240500000000003	3.124725	3.124725
768	3.5807	2.6043250000000002	2.6043250000000002
769	3.598875	4.528650000000001	4.528650000000001
770	3.54455	2.6649	2.6649
771	0.0	0.0	0.0
772	3.5763999999999996	2.93425	2.93425
773	3.311825	3.27095	3.27095
774	3.536275	2.5872	2.5872
775	2.7137	3.0036	3.0036
776	3.00705	2.80685	2.80685
777	5.864775	3.3748500000000003	3.3748500000000003
778	3.5843	5.0542	5.0542
779	2.93995	3.19025	3.19025
780	0.0	0.0	0.0
781	3.2059249999999997	2.8022	2.8022
782	3.3982	2.6598499999999996	2.6598499999999996
783	3.5698499999999997	2.956375	2.956375
784	0.0	0.0	0.0
785	3.3154500000000002	2.7769	2.7769
786	2.779525	2.2331	2.2331
787	2.79325	3.230175	3.230175
788	3.4846000000000004	2.54695	2.54695
789	3.334275	3.4955249999999998	3.4955249999999998
790	4.8842	3.26865	3.26865
791	2.6728249999999996	2.2722249999999997	2.2722249999999997
792	2.9642	2.950125	2.950125
793	3.0883000000000003	2.8887	2.8887
794	2.884	3.9011500000000003	3.9011500000000003
795	3.4321	2.37445	2.37445
796	2.535025	4.581325	4.581325
797	3.1900500000000003	3.225775	3.225775
798	3.0637499999999998	2.628725	2.628725
799	0.0	0.0	0.0
800	7.172750000000001	4.249225	4.249225
801	3.3648499999999997	3.233325	3.233325
802	2.681	3.1032	3.1032
803	2.984075	2.837325	2.837325
804	2.6837999999999997	4.799200000000001	4.799200000000001
805	3.7440499999999997	2.9269	2.9269
806	3.273925	2.4186	2.4186
807	3.533975	3.8924	3.8924
808	0.0	0.0	0.0
809	0.0	0.0	0.0
810	3.2432499999999997	3.9476	3.9476
811	3.536525	5.707274999999999	5.707274999999999
812	2.596925	1.891975	1.891975
813	3.428725	2.7249999999999996	2.7249999999999996
814	2.8123	3.3434	3.3434
815	3.1257	2.24465	2.24465
816	3.49505	3.6794000000000002	3.6794000000000002
817	0.0	0.0	0.0
818	3.308175	2.937875	2.937875
819	4.593999999999999	2.81055	2.81055
820	5.70485	3.9603	3.9603
821	0.0	0.0	0.0
822	0.0	0.0	0.0
823	6.4157	1.752875	1.752875
824	4.2209	2.5313999999999997	2.5313999999999997
825	3.1514	2.7329	2.7329
826	4.5009	3.46755	3.46755
827	4.038425	4.225575	4.225575
828	3.20525	2.329325	2.329325
829	3.64825	2.864375	2.864375
830	4.0461	3.507975	3.507975
831	6.886374999999999	4.5446	4.5446
832	3.2453	2.91595	2.91595
833	3.78245	2.7120499999999996	2.7120499999999996
834	4.5009	3.46755	3.46755
835	3.4265749999999997	2.862575	2.862575
836	3.3722	2.7022500000000003	2.7022500000000003
837	5.0646249999999995	3.2830000000000004	3.2830000000000004
838	2.96345	2.51745	2.51745
839	2.8734	2.87365	2.87365
840	5.005000000000001	5.627925	5.627925
841	2.7449	2.7718	2.7718
842	3.5680750000000003	5.820075	5.820075
843	2.951275	2.821475	2.821475
844	3.741575	2.86905	2.86905
845	4.08985	3.00815	3.00815
846	3.2220750000000002	3.5958	3.5958
847	3.485675	3.220075	3.220075
848	3.48	3.002125	3.002125
849	3.222525	3.53665	3.53665
850	3.2542999999999997	3.304475	3.304475
851	2.464925	4.84275	4.84275
852	3.0265000000000004	3.624825	3.624825
853	3.2104	3.5401	3.5401
854	3.01515	3.6383	3.6383
855	3.00495	3.11375	3.11375
856	0.0	0.0	0.0
857	3.1584000000000003	3.121	3.121
858	4.0785	2.469775	2.469775
859	2.7367	4.899175	4.899175
860	3.485675	3.165425	3.165425
861	2.7367	4.899175	4.899175
862	0.0	0.0	0.0
863	2.89785	3.84175	3.84175
864	0.0	0.0	0.0
865	3.743525	4.637650000000001	4.637650000000001
866	6.5702	4.38035	4.38035
867	3.5818000000000003	6.04875	6.04875
868	2.96665	2.5161	2.5161
869	5.9986749999999995	2.7872500000000002	2.7872500000000002
870	5.70115	5.049675	5.049675
871	3.8027	3.1469750000000003	3.1469750000000003
872	2.85325	4.9846	4.9846
873	0.0	0.0	0.0
874	3.558975	6.143625	6.143625
875	0.0	0.0	0.0
876	4.5487	2.49385	2.49385
877	3.15705	1.716825	1.716825
878	4.85895	3.6940749999999998	3.6940749999999998
879	3.3487999999999998	6.925175	6.925175
880	2.845725	5.60665	5.60665
881	3.2184999999999997	2.5142499999999997	2.5142499999999997
882	3.66445	3.57775	3.57775
883	3.56915	3.0373	3.0373
884	3.9158	3.3544	3.3544
885	2.8709499999999997	4.281925	4.281925
886	2.2837	3.844825	3.844825
887	0.0	0.0	0.0
888	2.963125	2.843825	2.843825
889	3.2251	5.6503	5.6503
890	5.50915	2.7763999999999998	2.7763999999999998
891	4.066	4.543425	4.543425
892	6.040875	2.438825	2.438825
893	2.661725	4.65315	4.65315
894	3.90145	2.7055999999999996	2.7055999999999996
895	2.21535	3.8922499999999998	3.8922499999999998
896	3.9125	2.9057	2.9057
897	3.38205	2.4551250000000002	2.4551250000000002
898	3.13335	2.955075	2.955075
899	0.0	0.0	0.0
900	4.242775	2.52055	2.52055
901	2.51045	2.919225	2.919225
902	4.3374500000000005	2.7094	2.7094
903	2.7977999999999996	4.6532	4.6532
904	2.7662250000000004	3.72925	3.72925
905	2.97175	2.980325	2.980325
906	0.0	0.0	0.0
907	2.634925	4.3099	4.3099
908	4.04715	3.8297999999999996	3.8297999999999996
909	4.294325000000001	2.6948	2.6948
910	2.97455	2.7119999999999997	2.7119999999999997
911	4.3221	2.30075	2.30075
912	2.5379	2.133125	2.133125
913	0.0	0.0	0.0
914	2.3334	4.004825	4.004825
915	4.81615	4.600849999999999	4.600849999999999
916	0.0	0.0	0.0
917	0.0	0.0	0.0
918	3.979775	2.0699750000000003	2.0699750000000003
919	0.0	0.0	0.0
920	3.1087	3.530625	3.530625
921	2.99885	5.051325	5.051325
922	4.52325	2.71655	2.71655
923	3.7232250000000002	4.278874999999999	4.278874999999999
924	2.7745249999999997	2.3724	2.3724
925	3.13335	3.01255	3.01255
926	4.540324999999999	2.7737749999999997	2.7737749999999997
927	3.1700749999999998	2.2782999999999998	2.2782999999999998
928	3.4903500000000003	1.987275	1.987275
929	3.33275	3.97515	3.97515
930	2.8872999999999998	5.86195	5.86195
931	6.0166	2.7798249999999998	2.7798249999999998
932	0.0	0.0	0.0
933	2.490675	2.09375	2.09375
934	2.638675	1.8259750000000001	1.8259750000000001
935	3.7965500000000003	4.9026	4.9026
936	6.0166	2.79005	2.79005
937	2.873525	2.667825	2.667825
938	2.7337999999999996	2.3038499999999997	2.3038499999999997
939	3.51215	4.3313500000000005	4.3313500000000005
940	2.9414	2.814525	2.814525
941	2.8284000000000002	2.3123750000000003	2.3123750000000003
942	1.67665	4.348875	4.348875
943	3.008325	2.228975	2.228975
944	2.6204	2.2352999999999996	2.2352999999999996
945	3.24485	2.35575	2.35575
946	0.0	0.0	0.0
947	3.995375	2.6454	2.6454
948	3.48025	3.669125	3.669125
949	3.2198	5.1021	5.1021
950	4.220775	1.87415	1.87415
951	3.50985	3.034925	3.034925
952	2.6679500000000003	2.484	2.484
953	2.64725	2.8893999999999997	2.8893999999999997
954	3.9894	3.778925	3.778925
955	3.9759	4.013	4.013
956	2.87685	6.584225	6.584225
957	2.7039	2.4831000000000003	2.4831000000000003
958	3.1288	4.02165	4.02165
959	2.6249	2.4828	2.4828
960	6.78245	1.8369499999999999	1.8369499999999999
961	3.09215	4.309925	4.309925
962	3.4614	2.460675	2.460675
963	3.0147	3.354775	3.354775
964	4.16355	3.430725	3.430725
965	4.2997499999999995	2.5831	2.5831
966	0.0	0.0	0.0
967	3.6405250000000002	2.8182	2.8182
968	3.5807	3.2577499999999997	3.2577499999999997
969	3.33315	3.0814500000000002	3.0814500000000002
970	3.235225	3.075275	3.075275
971	3.4886	3.12075	3.12075
972	2.71985	3.0676	3.0676
973	5.6929	5.510349999999999	5.510349999999999
974	0.0	0.0	0.0
975	2.37885	2.064825	2.064825
976	7.8961500000000004	3.0593	3.0593
977	3.11625	5.908725	5.908725
978	3.643	2.1382000000000003	2.1382000000000003
979	5.58855	1.2462499999999999	1.2462499999999999
980	3.848	2.4896000000000003	2.4896000000000003
981	3.2089	3.008725	3.008725
982	3.643	2.1382000000000003	2.1382000000000003
983	3.6093	2.30025	2.30025
984	0.0	0.0	0.0
985	6.96715	3.172075	3.172075
986	4.6928	4.578075	4.578075
987	6.96715	3.172075	3.172075
988	2.491175	4.3809	4.3809
989	4.240425	4.016349999999999	4.016349999999999
990	4.191	6.597925	6.597925
991	6.96715	3.172075	3.172075
992	4.7192	4.472175	4.472175
993	2.74355	5.908149999999999	5.908149999999999
994	3.118475	2.740225	2.740225
995	4.026125	3.0547	3.0547
996	3.1551	2.74915	2.74915
997	3.07415	4.5813500000000005	4.5813500000000005
998	2.72025	4.02735	4.02735
999	3.634525	2.5918	2.5918
1000	2.38155	5.71835	5.71835
1001	0.0	0.0	0.0
1002	0.0	0.0	0.0
1003	0.0	0.0	0.0
1004	3.2843999999999998	3.104875	3.104875
1005	3.1626000000000003	2.83595	2.83595
1006	3.3457	4.1312	4.1312
1007	2.9596	2.8323	2.8323
1008	0.0	0.50555	0.50555
1009	2.2182749999999998	3.3038749999999997	3.3038749999999997
1010	3.0974250000000003	2.936775	2.936775
1011	0.0	0.504625	0.504625
1012	3.69055	2.921475	2.921475
1013	0.0	0.0	0.0
1014	2.8627000000000002	2.012675	2.012675
1015	0.0	0.0	0.0
1016	5.3405000000000005	3.928425	3.928425
1017	0.0	0.0	0.0
1018	3.310225	6.1069249999999995	6.1069249999999995
1019	3.758	2.9148	2.9148
1020	3.670425	3.109625	3.109625
1021	3.310225	6.1069249999999995	6.1069249999999995
1022	0.0	0.0	0.0
1023	3.806875	2.9061500000000002	2.9061500000000002
1024	2.34775	3.68795	3.68795
1025	0.0	0.0	0.0
1026	5.36975	4.844900000000001	4.844900000000001
1027	0.0	0.0	0.0
1028	6.23215	1.5627	1.5627
1029	2.715325	1.901525	1.901525
1030	6.2071	1.571625	1.571625
1031	2.2413749999999997	2.72775	2.72775
1032	5.582	5.833625	5.833625
1033	2.270175	2.0972999999999997	2.0972999999999997
1034	3.1938	2.72375	2.72375
1035	2.4166	2.425125	2.425125
1036	2.63415	2.73565	2.73565
1037	3.0588	3.4213	3.4213
1038	0.0	0.0	0.0
1039	4.189425	2.9034500000000003	2.9034500000000003
1040	5.462899999999999	5.61145	5.61145
1041	0.0	0.0	0.0
1042	3.483325	2.9428	2.9428
1043	0.5101	2.6189	2.6189
1044	2.858925	2.7408	2.7408
1045	2.4391000000000003	2.6157	2.6157
1046	2.858925	2.7408	2.7408
1047	5.530975	2.12545	2.12545
1048	3.73745	3.322975	3.322975
1049	0.0	0.0	0.0
1050	4.818350000000001	4.1052	4.1052
1051	2.653025	2.9588	2.9588
1052	6.919074999999999	4.25645	4.25645
1053	3.87275	3.0020249999999997	3.0020249999999997
1054	3.7609250000000003	5.59	5.59
1055	4.0424	2.709525	2.709525
1056	4.22725	2.0534499999999998	2.0534499999999998
1057	0.0	0.0	0.0
1058	5.3591999999999995	3.9330249999999998	3.9330249999999998
1059	3.8014	3.369325	3.369325
1060	4.7368500000000004	3.900725	3.900725
1061	3.33125	2.28435	2.28435
1062	0.0	0.0	0.0
1063	4.101125	3.5165	3.5165
1064	3.208375	2.886075	2.886075
1065	1.55965	1.8713000000000002	1.8713000000000002
1066	3.022575	2.7862999999999998	2.7862999999999998
1067	3.758625	4.866375	4.866375
1068	2.688075	3.060375	3.060375
1069	2.5054749999999997	4.431274999999999	4.431274999999999
1070	3.3525	0.0	0.0
1071	3.95235	3.0625	3.0625
1072	2.4147	1.7805	1.7805
1073	2.4593749999999996	2.45115	2.45115
1074	4.2538	2.8602499999999997	2.8602499999999997
1075	2.0671999999999997	2.0275999999999996	2.0275999999999996
1076	3.6606500000000004	7.16555	7.16555
1077	0.7351	1.07825	1.07825
1078	2.25075	1.6212749999999998	1.6212749999999998
1079	3.14675	2.458925	2.458925
1080	4.0582	4.539875	4.539875
1081	0.0	0.0	0.0
1082	5.1198999999999995	2.3835249999999997	2.3835249999999997
1083	6.507325	4.305575	4.305575
1084	5.21305	3.4281	3.4281
1085	3.2699	3.3000499999999997	3.3000499999999997
1086	5.884175	1.982075	1.982075
1087	0.0	0.0	0.0
1088	5.8811	1.5639750000000001	1.5639750000000001
1089	2.7609500000000002	3.113225	3.113225
1090	3.4728	3.656275	3.656275
1091	3.5833250000000003	3.55075	3.55075
1092	2.7018500000000003	3.154	3.154
1093	6.493225	4.3002	4.3002
1094	2.6049499999999997	3.8612	3.8612
1095	5.3281	2.84415	2.84415
1096	2.2688249999999996	4.08425	4.08425
1097	3.4023	2.7977499999999997	2.7977499999999997
1098	3.285875	3.328625	3.328625
1099	5.3281	2.95215	2.95215
1100	3.513	3.012275	3.012275
1101	0.0	0.0	0.0
1102	0.7172	1.5164	1.5164
1103	2.4338749999999996	0.7181500000000001	0.7181500000000001
1104	4.336600000000001	3.091175	3.091175
1105	0.0	0.0	0.0
1106	3.58805	3.664	3.664
1107	3.67395	7.0237	7.0237
1108	3.02745	2.8477750000000004	2.8477750000000004
1109	5.6953	1.74145	1.74145
1110	0.0	0.0	0.0
1111	3.5191	2.387625	2.387625
1112	3.278275	2.7548250000000003	2.7548250000000003
1113	2.1814	3.57765	3.57765
1114	4.994375	5.199625	5.199625
1115	4.317550000000001	3.0743	3.0743
1116	3.192025	3.0604500000000003	3.0604500000000003
1117	4.816174999999999	4.327525	4.327525
1118	3.7927	3.211	3.211
1119	3.3643	2.18255	2.18255
1120	2.3381499999999997	3.098775	3.098775
1121	4.50265	3.81615	3.81615
1122	2.972	3.76065	3.76065
1123	2.78545	3.296675	3.296675
1124	0.0	0.0	0.0
1125	3.6210500000000003	2.8217	2.8217
1126	0.9955	0.0	0.0
1127	3.1597	2.77165	2.77165
1128	4.0211	2.766925	2.766925
1129	5.063725	3.7516499999999997	3.7516499999999997
1130	3.70245	4.439275	4.439275
1131	2.712675	3.19665	3.19665
1132	3.0860499999999997	2.72075	2.72075
1133	2.445075	2.88545	2.88545
1134	2.4501749999999998	4.859999999999999	4.859999999999999
1135	0.0	0.0	0.0
1136	2.5103999999999997	2.0792	2.0792
1137	3.928	2.879925	2.879925
1138	2.403675	1.0833	1.0833
1139	0.0	0.0	0.0
1140	3.6324500000000004	4.5812	4.5812
1141	3.604475	4.0968	4.0968
1142	2.926475	3.0781	3.0781
1143	3.455075	0.0711	0.0711
1144	4.2385	2.957675	2.957675
1145	3.143525	4.9692	4.9692
1146	2.2173	1.936975	1.936975
1147	3.2564	2.6151	2.6151
1148	3.77515	3.17865	3.17865
1149	3.56295	2.77575	2.77575
1150	3.142275	3.08275	3.08275
1151	3.77515	3.178375	3.178375
1152	2.23835	1.620475	1.620475
1153	2.6161250000000003	2.7653999999999996	2.7653999999999996
1154	3.10865	3.199275	3.199275
1155	3.527825	2.650825	2.650825
1156	2.313175	4.6480250000000005	4.6480250000000005
1157	2.163925	2.9395249999999997	2.9395249999999997
1158	0.0	0.0	0.0
1159	3.3831249999999997	4.09415	4.09415
1160	0.0	0.0	0.0
1161	4.320925	3.63065	3.63065
1162	1.7179250000000001	2.1740500000000003	2.1740500000000003
1163	3.02195	4.3071	4.3071
1164	2.57895	3.2321999999999997	3.2321999999999997
1165	2.3882000000000003	4.830875	4.830875
1166	3.02195	4.3071	4.3071
1167	4.937475	6.263775	6.263775
1168	4.049375	3.1850750000000003	3.1850750000000003
1169	4.1375	4.694775	4.694775
1170	3.49195	3.982	3.982
1171	4.34245	4.36375	4.36375
1172	3.9042	2.6422	2.6422
1173	4.063675	3.65665	3.65665
1174	3.2426	4.0868	4.0868
1175	3.428375	3.742375	3.742375
1176	2.59475	2.560875	2.560875
1177	4.25465	4.321400000000001	4.321400000000001
1178	0.0	0.0	0.0
1179	2.32295	4.258425000000001	4.258425000000001
1180	3.5747	2.592975	2.592975
1181	4.25465	4.32955	4.32955
1182	2.5769	2.3766249999999998	2.3766249999999998
1183	4.8508	6.263775	6.263775
1184	2.8607250000000004	3.3942749999999995	3.3942749999999995
1185	5.5382	5.564025	5.564025
1186	0.0	0.0	0.0
1187	4.370025	3.70875	3.70875
1188	2.8996	3.7031	3.7031
1189	0.0	0.0	0.0
1190	3.279175	2.792975	2.792975
1191	2.9825	2.846725	2.846725
1192	3.364	3.032425	3.032425
1193	7.257574999999999	2.94355	2.94355
1194	3.9481	2.3204000000000002	2.3204000000000002
1195	2.3891	3.128875	3.128875
1196	0.0	0.0	0.0
1197	3.505475	2.855475	2.855475
1198	0.0	0.0	0.0
1199	0.0	0.0	0.0
1200	2.8594	1.8526500000000001	1.8526500000000001
1201	4.119925	4.082025	4.082025
1202	6.107200000000001	2.6027750000000003	2.6027750000000003
1203	3.8336	4.7786	4.7786
1204	2.3829000000000002	3.1157250000000003	3.1157250000000003
1205	2.117575	1.8583500000000002	1.8583500000000002
1206	4.914775000000001	3.10495	3.10495
1207	0.0	0.0	0.0
1208	3.85095	4.7786	4.7786
1209	4.7959	3.35645	3.35645
1210	2.76565	3.94	3.94
1211	3.190725	2.0507	2.0507
1212	3.771425	2.825525	2.825525
1213	4.671575000000001	3.4137500000000003	3.4137500000000003
1214	3.0924750000000003	2.7076000000000002	2.7076000000000002
1215	3.740875	2.9287	2.9287
1216	0.0	0.0	0.0
1217	3.16485	2.6651249999999997	2.6651249999999997
1218	3.036525	3.39285	3.39285
1219	3.502325	3.242925	3.242925
1220	1.864125	1.689975	1.689975
1221	3.427775	2.842225	2.842225
1222	2.362025	2.95435	2.95435
1223	1.3465500000000001	2.11845	2.11845
1224	4.6038499999999996	3.060625	3.060625
1225	0.0	0.0	0.0
1226	3.207725	1.46275	1.46275
1227	3.488125	3.11245	3.11245
1228	0.0	0.0	0.0
1229	0.0	0.0	0.0
1230	4.502750000000001	3.0582000000000003	3.0582000000000003
1231	4.20045	4.190049999999999	4.190049999999999
1232	0.0	0.0	0.0
1233	3.4982999999999995	3.27805	3.27805
1234	4.7909	4.971975	4.971975
1235	4.016025	2.8747749999999996	2.8747749999999996
1236	4.270125	5.923375	5.923375
1237	2.50345	3.869025	3.869025
1238	3.32655	2.33185	2.33185
1239	4.328799999999999	3.68945	3.68945
1240	3.101375	2.372675	2.372675
1241	3.861725	4.447525	4.447525
1242	5.50845	3.329425	3.329425
1243	3.539725	3.265875	3.265875
1244	3.55535	3.241975	3.241975
1245	0.0	0.0	0.0
1246	0.0	0.0	0.0
1247	0.0	0.0	0.0
1248	0.0	0.0	0.0
1249	0.0	0.0	0.0
1250	2.730875	4.11895	4.11895
1251	6.719374999999999	4.34295	4.34295
1252	3.5233749999999997	4.207425000000001	4.207425000000001
1253	3.088325	2.436925	2.436925
1254	3.030075	3.1425	3.1425
1255	2.224475	2.645075	2.645075
1256	4.012074999999999	1.4291	1.4291
1257	4.6216	2.4377	2.4377
1258	4.6623	2.828375	2.828375
1259	2.2084	1.66615	1.66615
1260	0.0	0.0	0.0
1261	3.168425	3.7428999999999997	3.7428999999999997
1262	3.998125	3.058325	3.058325
1263	2.852	3.9236500000000003	3.9236500000000003
1264	3.9123	3.16445	3.16445
1265	6.891	4.3429	4.3429
1266	6.891	4.3429	4.3429
1267	2.5763999999999996	2.81895	2.81895
1268	2.044575	1.7459250000000002	1.7459250000000002
1269	2.345625	2.4987	2.4987
1270	4.120175	2.5792	2.5792
1271	0.0	0.0	0.0
1272	4.050800000000001	2.958075	2.958075
1273	2.6690500000000004	2.5889749999999996	2.5889749999999996
1274	3.15545	2.9419250000000003	2.9419250000000003
1275	4.030925	2.461825	2.461825
1276	4.136374999999999	3.8876	3.8876
1277	2.71775	3.1929	3.1929
1278	4.739850000000001	2.75845	2.75845
1279	3.43035	3.095225	3.095225
1280	3.293075	3.1076249999999996	3.1076249999999996
1281	0.0	0.0	0.0
1282	2.5818	2.58185	2.58185
1283	3.85195	2.583125	2.583125
1284	3.8640499999999998	2.93445	2.93445
1285	0.0	0.0	0.0
1286	0.0	0.0	0.0
1287	0.0	0.0	0.0
1288	0.0	0.0	0.0
1289	3.01365	3.3531500000000003	3.3531500000000003
1290	3.27655	3.1905	3.1905
1291	3.29795	2.9608	2.9608
1292	4.773825	1.433625	1.433625
1293	5.2353749999999994	3.26	3.26
1294	3.2658	2.6365499999999997	2.6365499999999997
1295	3.082175	2.513875	2.513875
1296	3.9974749999999997	3.33735	3.33735
1297	3.114775	4.319649999999999	4.319649999999999
1298	3.38585	4.88245	4.88245
1299	4.340075	3.3071	3.3071
1300	3.1363250000000003	2.757	2.757
1301	2.0961749999999997	1.941125	1.941125
1302	1.8086250000000001	1.8454000000000002	1.8454000000000002
1303	0.0	0.0	0.0
1304	4.340075	3.3054750000000004	3.3054750000000004
1305	3.3634	3.109825	3.109825
1306	3.1130750000000003	4.313425	4.313425
1307	0.0	0.0	0.0
1308	3.9801	3.5703500000000004	3.5703500000000004
1309	3.7150749999999997	2.8526000000000002	2.8526000000000002
1310	3.432525	1.74755	1.74755
1311	3.0334	2.3886	2.3886
1312	3.7511	4.411125	4.411125
1313	0.0	0.0	0.0
1314	3.557475	2.7824999999999998	2.7824999999999998
1315	2.6788499999999997	3.127275	3.127275
1316	3.6300499999999998	3.8523	3.8523
1317	3.3441	2.8937	2.8937
1318	2.5421250000000004	3.092125	3.092125
1319	2.866775	3.8364000000000003	3.8364000000000003
1320	3.6476	3.0721999999999996	3.0721999999999996
1321	1.9331999999999998	0.0	0.0
1322	3.8375000000000004	4.0168	4.0168
1323	3.773575	1.7785	1.7785
1324	3.3508500000000003	5.3984000000000005	5.3984000000000005
1325	0.0	0.0	0.0
1326	2.9999000000000002	2.9305000000000003	2.9305000000000003
1327	0.0	0.0	0.0
1328	3.439	1.660625	1.660625
1329	2.66925	3.345475	3.345475
1330	3.4092000000000002	5.30935	5.30935
1331	3.014725	2.6220749999999997	2.6220749999999997
1332	2.85915	2.7101249999999997	2.7101249999999997
1333	2.9848749999999997	4.232475	4.232475
1334	4.34445	6.3660499999999995	6.3660499999999995
1335	3.7337499999999997	4.5089500000000005	4.5089500000000005
1336	3.3674999999999997	2.52535	2.52535
1337	5.885475	3.3791	3.3791
1338	0.0	0.0	0.0
1339	0.0	0.0	0.0
1340	3.8959	2.3196250000000003	2.3196250000000003
1341	3.6378500000000003	6.4822750000000005	6.4822750000000005
1342	3.159275	1.669225	1.669225
1343	3.3674999999999997	2.35525	2.35525
1344	3.92865	4.498725	4.498725
1345	5.136375	3.7321999999999997	3.7321999999999997
1346	2.6255249999999997	3.4383	3.4383
1347	3.340775	4.181075	4.181075
1348	5.3869	2.8667	2.8667
1349	0.0	0.0	0.0
1350	5.41325	7.287050000000001	7.287050000000001
1351	2.1242	1.938225	1.938225
1352	3.217675	2.325975	2.325975
1353	5.8463	3.5468	3.5468
1354	2.892375	3.64905	3.64905
1355	2.9030500000000004	3.7688	3.7688
1356	3.157025	0.0	0.0
1357	1.757425	3.370975	3.370975
1358	3.661975	2.62575	2.62575
1359	3.579	6.673025	6.673025
1360	6.0062999999999995	3.56765	3.56765
1361	0.0	0.0	0.0
1362	3.427375	3.0656749999999997	3.0656749999999997
1363	4.2341	3.306	3.306
1364	2.004925	3.0025000000000004	3.0025000000000004
1365	3.8228	3.9947	3.9947
1366	0.0	0.0	0.0
1367	1.3	0.0	0.0
1368	0.0	0.0	0.0
1369	2.6107	3.6721500000000002	3.6721500000000002
1370	2.4559499999999996	3.085525	3.085525
1371	2.543225	2.765125	2.765125
1372	2.637925	2.2276499999999997	2.2276499999999997
1373	0.0	0.0	0.0
1374	1.149275	0.0	0.0
1375	0.0	0.0	0.0
1376	4.29655	5.5573250000000005	5.5573250000000005
1377	0.0	0.0	0.0
1378	3.0856000000000003	1.9047749999999999	1.9047749999999999
1379	4.3243	3.4017	3.4017
1380	0.0	0.0	0.0
1381	4.3687000000000005	1.6015000000000001	1.6015000000000001
1382	3.284725	3.4665	3.4665
1383	3.7936	1.3120500000000002	1.3120500000000002
1384	0.0	0.0	0.0
1385	0.0	0.0	0.0
1386	3.21905	1.8662	1.8662
1387	2.4368000000000003	4.917999999999999	4.917999999999999
1388	2.5605	2.03165	2.03165
1389	3.3068	3.287175	3.287175
1390	0.832975	0.0	0.0
1391	3.133325	2.475675	2.475675
1392	3.3416	2.404425	2.404425
1393	3.07675	2.529175	2.529175
1394	0.0	0.0	0.0
1395	3.35675	4.694375	4.694375
1396	3.3670999999999998	3.274425	3.274425
1397	1.949725	2.178325	2.178325
1398	3.1590249999999997	1.884725	1.884725
1399	1.5408	0.7992250000000001	0.7992250000000001
1400	4.91395	4.37545	4.37545
1401	2.01565	3.05065	3.05065
1402	2.532825	2.2928	2.2928
1403	2.60735	3.36785	3.36785
1404	2.4023	1.740375	1.740375
1405	2.6088500000000003	3.36785	3.36785
1406	2.30415	2.512	2.512
1407	3.6714	3.4986499999999996	3.4986499999999996
1408	2.84395	4.89165	4.89165
1409	3.8483	3.9028750000000003	3.9028750000000003
1410	3.69985	1.1989999999999998	1.1989999999999998
1411	3.1053249999999997	4.474024999999999	4.474024999999999
1412	2.84645	4.89105	4.89105
1413	4.7002500000000005	3.7144	3.7144
1414	3.7066	0.6403	0.6403
1415	2.81815	5.3769	5.3769
1416	4.491325	4.085699999999999	4.085699999999999
1417	3.6408	3.5873	3.5873
1418	3.110525	1.4283000000000001	1.4283000000000001
1419	3.48475	1.7913999999999999	1.7913999999999999
1420	3.133175	3.340375	3.340375
1421	3.667	1.19905	1.19905
1422	3.5028750000000004	3.3096	3.3096
1423	0.0	0.0	0.0
1424	3.038275	2.1784	2.1784
1425	3.4438	1.7987	1.7987
1426	3.13565	1.9675	1.9675
1427	3.680625	3.49305	3.49305
1428	3.54145	3.07165	3.07165
1429	3.532925	1.5938750000000002	1.5938750000000002
1430	3.006125	3.8449	3.8449
1431	3.252325	2.4325	2.4325
1432	4.1978	4.12185	4.12185
1433	0.0	0.0	0.0
1434	1.727475	3.3413500000000003	3.3413500000000003
1435	2.955075	3.26385	3.26385
1436	2.39055	3.5157499999999997	3.5157499999999997
1437	4.4409	3.25235	3.25235
1438	2.549375	2.168125	2.168125
1439	3.679525	5.14705	5.14705
1440	2.56255	2.4281	2.4281
1441	3.5873	3.3526	3.3526
1442	1.759625	3.3413500000000003	3.3413500000000003
1443	3.113725	2.4139749999999998	2.4139749999999998
1444	4.704975	3.8297499999999998	3.8297499999999998
1445	3.50085	2.93675	2.93675
1446	3.421925	4.575625	4.575625
1447	1.9554	0.1415	0.1415
1448	4.755	3.6388	3.6388
1449	2.85565	6.91855	6.91855
1450	1.63685	0.0	0.0
1451	2.743725	3.8456	3.8456
1452	0.0	0.0	0.0
1453	2.70085	2.7539	2.7539
1454	0.0	0.0	0.0
1455	3.420675	4.60615	4.60615
1456	2.221625	5.283799999999999	5.283799999999999
1457	2.14615	4.1669	4.1669
1458	4.4231750000000005	3.2622	3.2622
1459	4.131325	1.809475	1.809475
1460	3.5745250000000004	3.2571000000000003	3.2571000000000003
1461	3.5229	4.37665	4.37665
1462	1.7196500000000001	1.7877	1.7877
1463	2.5111999999999997	6.672625	6.672625
1464	3.35205	4.8708	4.8708
1465	2.3667749999999996	2.050775	2.050775
1466	3.5367499999999996	4.37765	4.37765
1467	2.1599	2.27915	2.27915
1468	2.5987999999999998	4.1434999999999995	4.1434999999999995
1469	2.4336	1.901975	1.901975
1470	4.3063	4.70745	4.70745
1471	0.0	0.0	0.0
1472	3.2564	3.9556	3.9556
1473	4.76585	3.5612500000000002	3.5612500000000002
1474	2.230475	3.960575	3.960575
1475	3.10405	2.5055	2.5055
1476	2.3249	5.26045	5.26045
1477	2.5987999999999998	4.1434999999999995	4.1434999999999995
1478	3.2368500000000004	3.2070499999999997	3.2070499999999997
1479	2.626375	2.768	2.768
1480	6.404625	3.6602249999999996	3.6602249999999996
1481	4.2636	3.271575	3.271575
1482	3.9568000000000003	3.8649750000000003	3.8649750000000003
1483	2.4331	3.4689	3.4689
1484	3.4622	2.5816999999999997	2.5816999999999997
1485	3.075475	4.0241	4.0241
1486	2.8013000000000003	4.607125	4.607125
1487	2.470425	1.725575	1.725575
1488	4.26325	1.8311250000000001	1.8311250000000001
1489	0.0	0.0	0.0
1490	2.33645	3.607025	3.607025
1491	3.093075	3.4154	3.4154
1492	3.9568000000000003	3.8649750000000003	3.8649750000000003
1493	3.444575	4.6415	4.6415
1494	3.2658750000000003	3.40205	3.40205
1495	4.24905	2.5864	2.5864
1496	1.23155	1.911375	1.911375
1497	4.24905	2.5864	2.5864
1498	3.091375	2.5606	2.5606
1499	2.0759	2.4158749999999998	2.4158749999999998
1500	4.367175	3.112175	3.112175
1501	1.59875	3.49525	3.49525
1502	0.0	0.0	0.0
1503	6.972925	5.0875	5.0875
1504	3.42525	4.032349999999999	4.032349999999999
1505	2.309375	2.2941000000000003	2.2941000000000003
1506	1.6835	2.73485	2.73485
1507	2.882525	2.3606249999999998	2.3606249999999998
1508	3.068725	4.0496	4.0496
1509	1.59875	3.4973	3.4973
1510	3.3728499999999997	3.547125	3.547125
1511	2.187375	3.770425	3.770425
1512	0.0	0.0	0.0
1513	2.528075	2.4995000000000003	2.4995000000000003
1514	3.154775	3.09545	3.09545
1515	0.0	0.0	0.0
1516	2.8880999999999997	2.6602750000000004	2.6602750000000004
1517	3.154775	3.099025	3.099025
1518	3.057075	2.4612	2.4612
1519	4.43025	3.1144499999999997	3.1144499999999997
1520	0.0	0.0	0.0
1521	0.0	0.0	0.0
1522	2.476325	0.730375	0.730375
1523	1.6619	2.9639499999999996	2.9639499999999996
1524	3.4493	0.0	0.0
1525	2.293525	2.157725	2.157725
1526	2.5773	2.214325	2.214325
1527	3.247475	2.6880249999999997	2.6880249999999997
1528	0.0	0.0	0.0
1529	4.409700000000001	3.108	3.108
1530	2.8676	2.388775	2.388775
1531	3.77705	3.5847499999999997	3.5847499999999997
1532	1.7907000000000002	3.4116999999999997	3.4116999999999997
1533	4.01585	3.3582	3.3582
1534	4.02065	1.58705	1.58705
1535	2.687175	2.982475	2.982475
1536	3.1901	4.46315	4.46315
1537	2.986825	5.96425	5.96425
1538	2.99015	4.746925	4.746925
1539	4.9716000000000005	3.1008500000000003	3.1008500000000003
1540	2.09195	3.7905499999999996	3.7905499999999996
1541	1.913275	4.73565	4.73565
1542	2.944325	2.6771000000000003	2.6771000000000003
1543	3.18135	2.6526750000000003	2.6526750000000003
1544	2.7815250000000002	3.09605	3.09605
1545	0.0	3.1478	3.1478
1546	3.7682	4.78965	4.78965
1547	4.194025	5.7620499999999995	5.7620499999999995
1548	3.247475	2.6880249999999997	2.6880249999999997
1549	2.7971000000000004	3.7666500000000003	3.7666500000000003
1550	0.0	0.0	0.0
1551	0.0	3.7818	3.7818
1552	0.0	0.0	0.0
1553	3.6967999999999996	4.472300000000001	4.472300000000001
1554	3.608675	2.9968500000000002	2.9968500000000002
1555	3.28315	1.973225	1.973225
1556	4.560875	3.6065250000000004	3.6065250000000004
1557	3.125825	2.4395000000000002	2.4395000000000002
1558	0.0	3.7818	3.7818
1559	0.0	0.0	0.0
1560	1.9003	1.860075	1.860075
1561	0.0	5.239375	5.239375
1562	3.30755	2.4455999999999998	2.4455999999999998
1563	2.318825	4.247249999999999	4.247249999999999
1564	1.3654000000000002	2.481375	2.481375
1565	1.6755499999999999	2.6705	2.6705
1566	0.0	0.0	0.0
1567	3.2739000000000003	2.3289999999999997	2.3289999999999997
1568	4.57215	1.7264	1.7264
1569	2.4715	5.3932	5.3932
1570	4.459875	3.1646	3.1646
1571	4.045925	2.67185	2.67185
1572	5.1212	3.279075	3.279075
1573	2.427225	2.4852	2.4852
1574	2.424125	3.2661	3.2661
1575	3.368075	2.6555999999999997	2.6555999999999997
1576	2.638	1.6548500000000002	1.6548500000000002
1577	0.0	0.0	0.0
1578	4.0093250000000005	5.663825	5.663825
1579	0.0	0.0	0.0
1580	3.4996	0.0	0.0
1581	0.9900249999999999	3.355875	3.355875
1582	2.160175	3.3479	3.3479
1583	2.406675	2.68375	2.68375
1584	4.5633	3.359175	3.359175
1585	3.6263	0.45065	0.45065
1586	0.0	0.0	0.0
1587	3.5931	2.5351999999999997	2.5351999999999997
1588	2.3362499999999997	1.7037	1.7037
1589	2.6151999999999997	1.13	1.13
1590	2.308	2.0182	2.0182
1591	1.5537750000000001	1.9622	1.9622
1592	3.122275	4.3511500000000005	4.3511500000000005
1593	3.71655	2.05015	2.05015
1594	3.530825	3.439	3.439
1595	2.884975	2.60485	2.60485
1596	3.84065	3.986275	3.986275
1597	4.7105	5.34675	5.34675
1598	0.0	0.0	0.0
1599	4.997125	2.2369250000000003	2.2369250000000003
1600	3.65355	2.4171500000000004	2.4171500000000004
1601	0.0	4.796225	4.796225
1602	3.81705	3.04465	3.04465
1603	1.99565	2.844	2.844
1604	3.4611	4.400425	4.400425
1605	2.2962249999999997	4.961399999999999	4.961399999999999
1606	0.0	0.0	0.0
1607	2.809825	1.8703500000000002	1.8703500000000002
1608	0.0	0.0	0.0
1609	0.0	0.0	0.0
1610	1.61315	0.0	0.0
1611	4.7275	3.5786000000000002	3.5786000000000002
1612	4.35905	6.0157	6.0157
1613	3.20205	2.0420999999999996	2.0420999999999996
1614	1.012475	3.3600499999999998	3.3600499999999998
1615	1.734775	1.440325	1.440325
1616	0.0	0.0	0.0
1617	2.48895	2.3102	2.3102
1618	2.9653	1.786925	1.786925
1619	2.739525	2.171125	2.171125
1620	0.908075	0.0	0.0
1621	0.0	0.0	0.0
1622	4.35175	0.879975	0.879975
1623	3.0164999999999997	3.2672999999999996	3.2672999999999996
1624	5.069050000000001	3.578675	3.578675
1625	3.3127	3.6852	3.6852
1626	3.546075	4.147125	4.147125
1627	3.78885	3.3037	3.3037
1628	3.4211	3.4463999999999997	3.4463999999999997
1629	4.5892	1.7941500000000001	1.7941500000000001
1630	4.5685	4.125500000000001	4.125500000000001
1631	3.2496	3.117375	3.117375
1632	4.56375	1.8649	1.8649
1633	0.0	0.0	0.0
1634	3.508775	3.383425	3.383425
1635	4.481475	0.75215	0.75215
1636	0.0	0.0	0.0
1637	2.5363499999999997	2.3453999999999997	2.3453999999999997
1638	3.92665	2.8777999999999997	2.8777999999999997
1639	2.6323749999999997	2.1328	2.1328
1640	2.2280999999999995	2.611275	2.611275
1641	2.41785	3.0651	3.0651
1642	0.0	0.0	0.0
1643	3.448525	4.24645	4.24645
1644	2.266575	2.6794000000000002	2.6794000000000002
1645	0.0	0.0	0.0
1646	3.127125	3.0713	3.0713
1647	4.51745	3.710925	3.710925
1648	0.0	0.0	0.0
1649	3.77995	1.796775	1.796775
1650	2.218375	3.195275	3.195275
1651	0.0	0.0	0.0
1652	2.13835	3.21995	3.21995
1653	3.923225	2.8028250000000003	2.8028250000000003
1654	1.7903	2.2822	2.2822
1655	2.4400500000000003	2.125475	2.125475
1656	2.8603	3.0266	3.0266
1657	0.0	0.0	0.0
1658	4.8383	0.99375	0.99375
1659	5.576075	2.119925	2.119925
1660	2.6662500000000002	3.38755	3.38755
1661	2.72845	1.6580499999999998	1.6580499999999998
1662	4.4205749999999995	5.3763000000000005	5.3763000000000005
1663	2.665475	0.0	0.0
1664	2.72845	1.6527500000000002	1.6527500000000002
1665	2.137975	0.0	0.0
1666	2.94015	2.9717000000000002	2.9717000000000002
1667	0.0	0.0	0.0
1668	0.0	0.0	0.0
1669	2.4712	1.63185	1.63185
1670	2.6614250000000004	4.616275	4.616275
1671	2.565625	2.6177	2.6177
1672	3.0626749999999996	1.71855	1.71855
1673	0.0	0.0	0.0
1674	0.0	0.0	0.0
1675	3.105975	2.54135	2.54135
1676	2.423575	3.7569	3.7569
1677	0.0	0.0	0.0
1678	0.0	0.0	0.0
1679	3.606325	0.78355	0.78355
1680	0.0	0.0	0.0
1681	3.5304	1.988975	1.988975
1682	3.0076	3.4642999999999997	3.4642999999999997
1683	3.2998	0.81185	0.81185
1684	2.897125	3.922725	3.922725
1685	1.82455	1.04245	1.04245
1686	2.8522749999999997	3.6670749999999996	3.6670749999999996
1687	3.8857	3.0778999999999996	3.0778999999999996
1688	0.0	0.0	0.0
1689	3.996975	4.154275	4.154275
1690	2.3790750000000003	4.12355	4.12355
1691	0.0	0.0	0.0
1692	0.0	0.0	0.0
1693	4.1505	2.094475	2.094475
1694	0.0	0.0	0.0
1695	2.1033	1.9765000000000001	1.9765000000000001
1696	1.894725	0.0	0.0
1697	2.919125	3.44015	3.44015
1698	0.0	0.0	0.0
1699	2.9291	1.785275	1.785275
1700	1.978575	1.021625	1.021625
1701	4.085525	3.37995	3.37995
1702	3.819125	3.420125	3.420125
1703	3.5702499999999997	3.7739	3.7739
1704	1.00925	6.5158000000000005	6.5158000000000005
1705	2.427375	2.8899999999999997	2.8899999999999997
1706	4.033049999999999	1.76125	1.76125
1707	3.1168750000000003	3.003775	3.003775
1708	0.0	0.0	0.0
1709	3.4670000000000005	4.584625000000001	4.584625000000001
1710	0.0	0.0	0.0
1711	2.816275	4.08725	4.08725
1712	2.4681749999999996	3.5383	3.5383
1713	2.5616	1.7941	1.7941
1714	0.0	0.0	0.0
1715	3.53105	1.9327	1.9327
1716	2.43295	1.72305	1.72305
1717	3.268975	2.2517500000000004	2.2517500000000004
1718	3.26175	2.8207750000000003	2.8207750000000003
1719	4.03955	5.5451999999999995	5.5451999999999995
1720	0.0	1.33425	1.33425
1721	5.163325	0.0	0.0
1722	2.7839	3.64685	3.64685
1723	2.269775	4.208500000000001	4.208500000000001
1724	3.2751	1.638525	1.638525
1725	1.41495	1.6337	1.6337
1726	3.6938500000000003	5.7536000000000005	5.7536000000000005
1727	4.209375	5.699075	5.699075
1728	3.3470500000000003	3.8954500000000003	3.8954500000000003
1729	3.6250999999999998	1.2442	1.2442
1730	3.26595	4.4126	4.4126
1731	2.53885	2.49675	2.49675
1732	2.8067	3.4148	3.4148
1733	2.68045	1.781675	1.781675
1734	0.0	0.0	0.0
1735	2.563975	3.1106	3.1106
1736	0.0	0.0	0.0
1737	0.0	0.0	0.0
1738	3.47145	1.8611	1.8611
1739	0.0	0.0	0.0
1740	0.0	0.0	0.0
1741	3.5958	0.0	0.0
1742	0.0	0.0	0.0
1743	1.904225	4.578725	4.578725
1744	3.809875	2.6519	2.6519
1745	2.9404250000000003	0.9976499999999999	0.9976499999999999
1746	2.6294	2.191825	2.191825
1747	0.0	0.0	0.0
1748	3.145175	3.203825	3.203825
1749	3.1488	3.449175	3.449175
1750	4.05105	2.15975	2.15975
1751	1.4674749999999999	0.0	0.0
1752	0.0	0.0	0.0
1753	0.20445000000000002	6.664	6.664
1754	2.45655	3.8584250000000004	3.8584250000000004
1755	3.9968500000000002	1.713525	1.713525
1756	2.126875	2.31685	2.31685
1757	2.090775	3.4981999999999998	3.4981999999999998
1758	2.8764	1.22865	1.22865
1759	3.344525	3.5913250000000003	3.5913250000000003
1760	3.5525	0.0	0.0
1761	0.0	0.0	0.0
1762	3.92185	2.6549750000000003	2.6549750000000003
1763	3.0528	3.120575	3.120575
1764	3.4288	3.3879	3.3879
1765	3.6622	4.309025	4.309025
1766	4.708525	6.1159	6.1159
1767	3.053725	3.4191000000000003	3.4191000000000003
1768	0.0	0.0	0.0
1769	2.850975	2.421575	2.421575
1770	4.066625	2.2451499999999998	2.2451499999999998
1771	1.9501	0.702875	0.702875
1772	4.4628250000000005	6.236775	6.236775
1773	0.0	0.0	0.0
1774	1.9868999999999999	2.99525	2.99525
1775	3.0698749999999997	2.547475	2.547475
1776	3.5666	0.0	0.0
1777	2.7839	3.17285	3.17285
1778	3.998875	3.655875	3.655875
1779	2.4769499999999995	3.459775	3.459775
1780	4.03625	0.0	0.0
1781	0.0	0.0	0.0
1782	0.0	0.0	0.0
1783	3.40145	2.5619750000000003	2.5619750000000003
1784	1.740275	3.08625	3.08625
1785	3.6712	2.9435000000000002	2.9435000000000002
1786	0.0	0.0	0.0
1787	0.0	0.0	0.0
1788	0.0	0.0	0.0
1789	2.978325	3.342675	3.342675
1790	3.113325	2.185775	2.185775
1791	2.917	2.995975	2.995975
1792	0.0	0.0	0.0
1793	3.4590750000000003	3.761125	3.761125
1794	2.932875	1.5105	1.5105
1795	2.4789	5.3016000000000005	5.3016000000000005
1796	0.0	0.0	0.0
1797	0.0	0.0	0.0
1798	0.0	0.0	0.0
1799	0.0	0.0	0.0
1800	3.77285	1.810775	1.810775
1801	0.0	0.0	0.0
1802	0.96535	6.153725	6.153725
1803	2.8114999999999997	2.83155	2.83155
1804	0.0	0.0	0.0
1805	3.169825	0.0	0.0
1806	1.5835	0.0	0.0
1807	2.6468	2.137	2.137
1808	0.0	0.0	0.0
1809	2.2952000000000004	4.2118	4.2118
1810	0.0	1.6149	1.6149
1811	2.8882000000000003	1.7207249999999998	1.7207249999999998
1812	3.9157	4.431649999999999	4.431649999999999
1813	3.29655	3.5124	3.5124
1814	2.9338749999999996	2.855025	2.855025
1815	0.56935	5.29445	5.29445
1816	0.0	0.0	0.0
1817	2.6269	2.975925	2.975925
1818	3.1073500000000003	3.7802000000000002	3.7802000000000002
1819	0.0	0.0	0.0
1820	2.03285	2.4933	2.4933
1821	3.724	3.1427	3.1427
1822	0.0	0.0	0.0
1823	0.0	0.0	0.0
1824	0.0	5.917925	5.917925
1825	3.8289999999999997	3.9983500000000003	3.9983500000000003
1826	2.16185	2.995875	2.995875
1827	3.832075	3.09405	3.09405
1828	0.0	0.0	0.0
1829	0.0	0.3305	0.3305
1830	3.06115	4.448924999999999	4.448924999999999
1831	3.270775	2.744175	2.744175
1832	2.34985	5.698425	5.698425
1833	2.65885	2.930075	2.930075
1834	1.620025	4.7598	4.7598
1835	1.8838	0.0	0.0
1836	0.0	0.0	0.0
1837	0.0	0.0	0.0
1838	2.450875	3.01495	3.01495
1839	0.0	0.0	0.0
1840	2.738575	2.0399000000000003	2.0399000000000003
1841	3.920925	1.689175	1.689175
1842	3.3071	2.725075	2.725075
1843	4.1943	2.1404249999999996	2.1404249999999996
1844	2.469875	3.2083500000000003	3.2083500000000003
1845	2.577425	0.0	0.0
1846	5.1109	3.479725	3.479725
1847	0.0	0.0	0.0
1848	3.4915000000000003	2.3743	2.3743
1849	3.5008749999999997	2.565575	2.565575
1850	2.8068	6.7357499999999995	6.7357499999999995
1851	4.578275	1.4025249999999998	1.4025249999999998
1852	0.0	0.0	0.0
1853	3.3077	1.642725	1.642725
1854	0.0	0.0	0.0
1855	2.5209	2.132775	2.132775
1856	2.7476	2.0153250000000003	2.0153250000000003
1857	3.6294500000000003	0.0	0.0
1858	1.97065	2.0517250000000002	2.0517250000000002
1859	0.0	0.0	0.0
1860	0.0	0.0	0.0
1861	0.0	0.0	0.0
1862	3.6089	0.236425	0.236425
1863	6.511225	3.539075	3.539075
1864	3.584975	2.4264	2.4264
1865	1.822675	3.172675	3.172675
1866	0.5085999999999999	5.8075	5.8075
1867	3.5899	2.42755	2.42755
1868	3.2266	5.629525	5.629525
1869	2.523575	3.4203	3.4203
1870	3.1229	3.697475	3.697475
1871	2.6378000000000004	2.663825	2.663825
1872	2.818775	4.771649999999999	4.771649999999999
1873	4.703250000000001	3.9048	3.9048
1874	2.4312750000000003	3.2447999999999997	3.2447999999999997
1875	0.0	0.0	0.0
1876	4.44465	1.8341	1.8341
1877	0.335325	3.75395	3.75395
1878	1.8382749999999999	3.5069	3.5069
1879	0.0	0.0	0.0
1880	1.866625	2.8066750000000003	2.8066750000000003
1881	0.0	0.0	0.0
1882	3.43905	0.0	0.0
1883	1.4694	0.0	0.0
1884	0.0	1.597525	1.597525
1885	3.22605	5.801399999999999	5.801399999999999
1886	4.240325	6.030125	6.030125
1887	3.7891500000000002	3.59305	3.59305
1888	5.4506	2.1389500000000004	2.1389500000000004
1889	0.0	0.0	0.0
1890	2.2323	1.854425	1.854425
1891	2.2963	2.2311500000000004	2.2311500000000004
1892	3.949325	2.3757	2.3757
1893	5.2993500000000004	1.99445	1.99445
1894	4.903700000000001	2.81665	2.81665
1895	2.1267250000000004	1.680875	1.680875
1896	3.03005	2.3813500000000003	2.3813500000000003
1897	2.69995	3.141725	3.141725
1898	1.484725	5.748675	5.748675
1899	0.0	0.0	0.0
1900	4.61465	4.277324999999999	4.277324999999999
1901	2.49015	2.420725	2.420725
1902	3.783425	4.759124999999999	4.759124999999999
1903	3.20735	4.08315	4.08315
1904	0.0	0.0	0.0
1905	0.0	0.0	0.0
1906	2.8238250000000003	2.5770999999999997	2.5770999999999997
1907	1.74375	4.09695	4.09695
1908	2.86015	2.8213	2.8213
1909	0.0	0.0	0.0
1910	1.9196	0.0	0.0
1911	5.917325	2.961875	2.961875
1912	3.4670000000000005	4.8180250000000004	4.8180250000000004
1913	0.0	0.0	0.0
1914	1.74515	2.3438499999999998	2.3438499999999998
1915	3.884225	6.669	6.669
1916	0.0	0.0	0.0
1917	2.81715	3.34575	3.34575
1918	3.884225	6.669	6.669
1919	2.14785	2.30825	2.30825
1920	1.91455	3.6844	3.6844
1921	2.78415	2.4253	2.4253
1922	6.464124999999999	3.137725	3.137725
1923	0.0	0.0	0.0
1924	3.1748749999999997	2.34265	2.34265
1925	4.43435	3.8119750000000003	3.8119750000000003
1926	0.0	0.0	0.0
1927	3.0756	6.517099999999999	6.517099999999999
1928	2.4417	0.0	0.0
1929	3.91745	3.889175	3.889175
1930	3.6648500000000004	4.6195	4.6195
1931	2.3803	5.557575	5.557575
1932	3.725825	0.0	0.0
1933	3.861975	0.9148499999999999	0.9148499999999999
1934	2.4565	2.8934749999999996	2.8934749999999996
1935	2.97945	3.4869250000000003	3.4869250000000003
1936	1.9978500000000001	1.02605	1.02605
1937	0.0	0.0	0.0
1938	2.7803250000000004	2.75665	2.75665
1939	5.714	4.878925000000001	4.878925000000001
1940	2.0446750000000002	1.1758000000000002	1.1758000000000002
1941	3.4157	2.4076500000000003	2.4076500000000003
1942	3.45375	2.5290749999999997	2.5290749999999997
1943	2.468325	2.8326000000000002	2.8326000000000002
1944	0.0	3.32735	3.32735
1945	0.0	3.4421999999999997	3.4421999999999997
1946	1.8357	2.37515	2.37515
1947	0.0	0.0	0.0
1948	4.699275	0.0	0.0
1949	0.0	0.0	0.0
1950	0.0	0.0	0.0
1951	1.4429	1.578525	1.578525
1952	3.33555	1.545525	1.545525
1953	1.977725	1.81345	1.81345
1954	2.701475	1.88285	1.88285
1955	0.485725	1.0076749999999999	1.0076749999999999
1956	3.297275	0.0	0.0
1957	3.739975	3.5864	3.5864
1958	2.710575	1.50535	1.50535
1959	0.0	0.0	0.0
1960	2.0985500000000004	4.39395	4.39395
1961	2.70365	1.74675	1.74675
1962	5.539624999999999	2.0873	2.0873
1963	2.9863	3.51335	3.51335
1964	3.4559	3.9851	3.9851
1965	3.013675	4.43765	4.43765
1966	0.0	0.0	0.0
1967	0.0	1.7980999999999998	1.7980999999999998
1968	3.7836	2.45805	2.45805
1969	4.9471	2.4436750000000003	2.4436750000000003
1970	0.0	0.0	0.0
1971	4.4247	2.49305	2.49305
1972	2.44595	2.804075	2.804075
1973	3.30265	0.0	0.0
1974	0.0	0.0	0.0
1975	3.7899000000000003	3.085825	3.085825
1976	4.580775	2.949225	2.949225
1977	0.0	0.0	0.0
1978	2.4253	2.6340500000000002	2.6340500000000002
1979	2.4015000000000004	2.89365	2.89365
1980	3.7984	2.176425	2.176425
1981	0.0	0.0	0.0
1982	0.0	0.0	0.0
1983	0.0	0.0	0.0
1984	0.0	0.0	0.0
1985	0.0	0.0	0.0
1986	0.0	0.0	0.0
1987	2.7273	2.02585	2.02585
1988	2.2676499999999997	2.538025	2.538025
1989	3.04405	5.604699999999999	5.604699999999999
1990	3.7883	2.4118500000000003	2.4118500000000003
1991	3.7883	2.4118500000000003	2.4118500000000003
1992	1.0908	0.0	0.0
1993	1.478425	5.49425	5.49425
1994	4.96275	4.135400000000001	4.135400000000001
1995	2.4256	2.9002	2.9002
1996	3.5267749999999998	3.449675	3.449675
1997	0.0	0.0	0.0
1998	0.0	2.40935	2.40935
1999	2.839525	1.9577499999999999	1.9577499999999999
2000	0.8723	3.1800499999999996	3.1800499999999996
2001	2.4067499999999997	2.3033	2.3033
2002	3.45015	2.623725	2.623725
2003	2.0494000000000003	2.636775	2.636775
2004	0.0	2.89205	2.89205
2005	2.7862999999999998	1.4764499999999998	1.4764499999999998
2006	2.723125	4.78725	4.78725
2007	3.68335	0.0	0.0
2008	0.0	2.1757999999999997	2.1757999999999997
2009	4.0781	5.361225	5.361225
2010	5.381325	1.8789500000000001	1.8789500000000001
2011	3.28655	3.3423999999999996	3.3423999999999996
2012	3.3188000000000004	0.0	0.0
2013	3.02555	2.1362	2.1362
2014	3.9421	3.3420249999999996	3.3420249999999996
2015	0.0	0.0	0.0
2016	3.14865	3.44355	3.44355
2017	0.0	0.0	0.0
2018	0.0	0.0	0.0
2019	0.0	0.0	0.0
2020	0.0	0.0	0.0
2021	1.6227749999999999	4.6296	4.6296
2022	1.691025	5.5229	5.5229
2023	0.0	0.0	0.0
2024	3.726575	3.8322000000000003	3.8322000000000003
2025	2.319	1.3164500000000001	1.3164500000000001
2026	3.9479	4.09615	4.09615
2027	3.107475	3.1637500000000003	3.1637500000000003
2028	0.0	0.0	0.0
2029	0.0	3.865625	3.865625
2030	4.268675	3.199225	3.199225
2031	2.2276	0.0	0.0
2032	0.0	0.0	0.0
2033	3.0804	2.852825	2.852825
2034	3.0218499999999997	3.3259	3.3259
2035	0.0	0.0	0.0
2036	0.0	0.0	0.0
2037	0.0	0.0	0.0
2038	0.0	0.0	0.0
2039	3.1366	3.43515	3.43515
2040	1.5135750000000001	2.00115	2.00115
2041	1.882675	4.0943000000000005	4.0943000000000005
2042	0.0	4.1045	4.1045
2043	4.006775	2.4326499999999998	2.4326499999999998
2044	2.877	2.8349	2.8349
2045	3.18665	2.57745	2.57745
2046	3.84225	1.780875	1.780875
2047	0.0	0.0	0.0
2048	3.739125	1.044225	1.044225
2049	4.6105	0.0	0.0
2050	2.558475	5.617275	5.617275
2051	3.90075	1.89655	1.89655
2052	1.8835250000000001	2.677375	2.677375
2053	0.0	2.1459	2.1459
2054	4.351825	3.6579	3.6579
2055	2.9978749999999996	1.2472999999999999	1.2472999999999999
2056	0.0	0.0	0.0
2057	7.145025	3.519575	3.519575
2058	3.364625	1.5684	1.5684
2059	0.0	0.0	0.0
2060	2.7884	3.2104	3.2104
2061	0.0	0.0	0.0
2062	1.518575	3.091275	3.091275
2063	2.0753500000000003	1.5862500000000002	1.5862500000000002
2064	0.0	0.0	0.0
2065	0.0	2.2836749999999997	2.2836749999999997
2066	0.0	0.0	0.0
2067	3.77745	0.0	0.0
2068	4.1617999999999995	6.2415	6.2415
2069	3.804875	4.9222	4.9222
2070	0.0	0.0	0.0
2071	2.67255	4.8417	4.8417
2072	3.717625	2.708025	2.708025
2073	5.028625	2.247425	2.247425
2074	0.0	0.0	0.0
2075	4.3317499999999995	1.648175	1.648175
2076	0.0	0.0	0.0
2077	0.0	0.0	0.0
2078	0.0	0.0	0.0
2079	4.3317499999999995	1.6283500000000002	1.6283500000000002
2080	3.3958	2.47845	2.47845
2081	4.333550000000001	4.298525	4.298525
2082	0.0	0.0	0.0
2083	0.0	0.0	0.0
2084	4.60285	0.0	0.0
2085	3.505925	1.370825	1.370825
2086	3.3057	3.013675	3.013675
2087	1.4659499999999999	1.719025	1.719025
2088	1.422875	0.0	0.0
2089	3.78935	3.3205	3.3205
2090	0.0	1.9399000000000002	1.9399000000000002
2091	3.6561500000000002	2.551425	2.551425
2092	0.0	0.0	0.0
2093	3.6561500000000002	2.551425	2.551425
2094	0.0	3.376375	3.376375
2095	0.0	0.0	0.0
2096	0.0	0.0	0.0
2097	4.510199999999999	0.0	0.0
2098	3.089125	2.5503	2.5503
2099	0.0	2.42715	2.42715
2100	0.0	4.678599999999999	4.678599999999999
2101	4.61095	0.0	0.0
2102	1.3083	2.8752500000000003	2.8752500000000003
2103	2.563825	0.0	0.0
2104	3.668775	3.783625	3.783625
2105	3.7188499999999998	4.34475	4.34475
2106	6.699375	3.0797499999999998	3.0797499999999998
2107	2.615275	0.0	0.0
2108	0.0	0.0	0.0
2109	1.823	0.0	0.0
2110	0.0	0.0	0.0
2111	4.921775	5.4921500000000005	5.4921500000000005
2112	0.0	0.0	0.0
2113	4.3931000000000004	3.38515	3.38515
2114	3.19135	0.0	0.0
2115	5.731325	4.042	4.042
2116	4.02915	3.862125	3.862125
2117	4.9327000000000005	2.63985	2.63985
2118	0.0	0.0	0.0
2119	4.77885	2.2663	2.2663
2120	3.5829500000000003	2.814775	2.814775
2121	0.0	0.0	0.0
2122	4.2648	3.510675	3.510675
2123	2.009725	0.0	0.0
2124	4.34695	2.7027	2.7027
2125	3.81675	4.126475	4.126475
2126	0.0	2.5946	2.5946
2127	1.721975	0.0	0.0
2128	4.461	0.0	0.0
2129	4.6106	0.0	0.0
2130	2.19015	2.378975	2.378975
2131	1.56765	2.177925	2.177925
2132	0.0	0.0	0.0
2133	3.1002	1.746225	1.746225
2134	1.56765	2.177925	2.177925
2135	1.112725	3.88575	3.88575
2136	6.645875	3.54815	3.54815
2137	3.596	3.023075	3.023075
2138	1.7918500000000002	5.244125	5.244125
2139	3.2398499999999997	0.0	0.0
2140	0.0	0.0	0.0
2141	4.4346749999999995	3.4696000000000002	3.4696000000000002
2142	3.335325	0.53	0.53
2143	0.0	0.0	0.0
2144	2.563825	2.3083	2.3083
2145	3.78815	0.0	0.0
2146	2.578725	2.528125	2.528125
2147	2.6808	2.5093750000000004	2.5093750000000004
2148	2.3738	1.599675	1.599675
2149	2.67005	7.00405	7.00405
2150	3.01695	2.055775	2.055775
2151	1.718375	4.519125000000001	4.519125000000001
2152	1.6100750000000001	3.18705	3.18705
2153	5.0458750000000006	2.24285	2.24285
2154	0.0	0.0	0.0
2155	3.364225	4.140875	4.140875
2156	2.70635	0.0	0.0
2157	3.1398	2.62875	2.62875
2158	0.0	0.0	0.0
2159	0.9936999999999999	0.0	0.0
2160	3.1398	2.62875	2.62875
2161	0.0	0.0	0.0
2162	2.981175	0.0	0.0
2163	0.0	0.0	0.0
2164	6.00965	0.0	0.0
2165	0.7281	1.43015	1.43015
2166	3.54665	2.2138	2.2138
2167	2.49345	3.4838	3.4838
2168	3.3413500000000003	2.10385	2.10385
2169	3.2956	2.2184	2.2184
2170	5.9557	3.3154500000000002	3.3154500000000002
2171	1.05145	4.52545	4.52545
2172	0.0	0.0	0.0
2173	4.87455	0.0	0.0
2174	2.5378499999999997	3.0645	3.0645
2175	4.246625	3.27315	3.27315
2176	0.0	0.0	0.0
2177	0.0	0.0	0.0
2178	4.0432500000000005	0.0	0.0
2179	4.96455	0.0	0.0
2180	0.0	0.0	0.0
2181	4.90395	0.0	0.0
2182	1.024525	1.265225	1.265225
2183	0.0	0.0	0.0
2184	3.8891	1.7592750000000001	1.7592750000000001
2185	2.7692	3.5091	3.5091
2186	2.1214999999999997	1.5382500000000001	1.5382500000000001
2187	3.618875	0.0	0.0
2188	0.0	0.0	0.0
2189	3.800475	0.0	0.0
2190	0.0	0.0	0.0
2191	1.013425	1.9878	1.9878
2192	2.24355	0.0	0.0
2193	0.0	0.0	0.0
2194	2.055375	1.604375	1.604375
2195	0.0	0.0	0.0
2196	0.657725	0.0	0.0
2197	2.726	4.1510750000000005	4.1510750000000005
2198	2.221475	3.30685	3.30685
2199	2.612175	1.4638	1.4638
2200	4.214700000000001	5.152925	5.152925
2201	0.0	0.0	0.0
2202	1.4879	3.03085	3.03085
2203	2.2544250000000003	0.0	0.0
2204	0.0	0.0	0.0
2205	0.0	4.440125	4.440125
2206	4.65965	3.5187749999999998	3.5187749999999998
2207	0.0	0.363325	0.363325
2208	4.177975	0.0	0.0
2209	0.0	0.0	0.0
2210	2.974525	1.643375	1.643375
2211	0.0	0.0	0.0
2212	4.91195	0.0	0.0
2213	3.0297	0.0	0.0
2214	0.0	0.0	0.0
2215	0.0	0.18135	0.18135
2216	3.5981750000000003	3.8169250000000003	3.8169250000000003
2217	0.0	1.2202250000000001	1.2202250000000001
2218	0.0	0.0	0.0
2219	3.5961	3.057425	3.057425
2220	1.78015	0.0	0.0
2221	2.400475	3.62645	3.62645
2222	0.6653249999999999	2.786975	2.786975
2223	0.0	0.0	0.0
2224	0.0	0.0	0.0
2225	3.65425	3.96935	3.96935
2226	0.0	0.0	0.0
2227	3.2127	4.34385	4.34385
2228	2.90205	0.78435	0.78435
2229	0.0	0.0	0.0
2230	3.6509	3.83345	3.83345
2231	2.4726749999999997	1.3991	1.3991
2232	1.667675	3.153275	3.153275
2233	0.0	0.0	0.0
2234	0.9733499999999999	0.0	0.0
2235	2.4734	0.0	0.0
2236	0.0	0.0	0.0
2237	3.0797	1.981975	1.981975
2238	5.082725	2.56105	2.56105
2239	1.667675	3.153275	3.153275
2240	0.0	0.0	0.0
2241	0.0	4.3259	4.3259
2242	2.4426750000000004	2.5792	2.5792
2243	2.6951	2.296125	2.296125
2244	2.0129	0.0	0.0
2245	2.645225	4.4033999999999995	4.4033999999999995
2246	1.0869499999999999	2.62845	2.62845
2247	3.021775	3.639875	3.639875
2248	3.864075	2.9852499999999997	2.9852499999999997
2249	0.0	5.14665	5.14665
2250	2.46415	3.580075	3.580075
2251	3.546275	4.737375	4.737375
2252	2.5192750000000004	2.7064250000000003	2.7064250000000003
2253	0.0	0.0	0.0
2254	3.5762	2.8045	2.8045
2255	3.03245	2.4551999999999996	2.4551999999999996
2256	0.0	0.0	0.0
2257	0.0	0.0	0.0
2258	3.695925	3.72745	3.72745
2259	0.0	0.0	0.0
2260	0.0	0.0	0.0
2261	2.7461	2.6060499999999998	2.6060499999999998
2262	2.2931749999999997	5.164975	5.164975
2263	0.0	2.5961	2.5961
2264	2.973325	1.5579	1.5579
2265	1.06395	0.0	0.0
2266	1.44355	0.0	0.0
2267	0.0	0.0	0.0
2268	3.568575	4.7704249999999995	4.7704249999999995
2269	1.993125	0.0	0.0
2270	0.0	0.0	0.0
2271	0.0	0.0	0.0
2272	0.0	4.6431000000000004	4.6431000000000004
2273	2.8265000000000002	3.9562999999999997	3.9562999999999997
2274	0.0	0.0	0.0
2275	0.0	0.0	0.0
2276	2.4996	2.69875	2.69875
2277	1.7045	4.30095	4.30095
2278	0.0	0.0	0.0
2279	3.6445499999999997	2.8771750000000003	2.8771750000000003
2280	1.201725	1.744925	1.744925
2281	0.0	0.0	0.0
2282	3.1663	4.08015	4.08015
2283	0.0	0.0	0.0
2284	4.134	2.6087499999999997	2.6087499999999997
2285	2.7085749999999997	1.0811	1.0811
2286	3.72555	1.1055000000000001	1.1055000000000001
2287	3.49505	2.9595000000000002	2.9595000000000002
2288	0.0	0.0	0.0
2289	0.0	1.732325	1.732325
2290	0.0	0.0	0.0
2291	0.0	0.37829999999999997	0.37829999999999997
2292	3.2973999999999997	2.9972250000000003	2.9972250000000003
2293	2.47485	3.6233	3.6233
2294	2.752125	2.504225	2.504225
2295	0.0	0.0	0.0
2296	2.3114250000000003	3.408325	3.408325
2297	4.14395	0.0	0.0
2298	3.161575	3.184975	3.184975
2299	0.0	0.0	0.0
2300	1.861275	3.81705	3.81705
2301	3.63895	0.0	0.0
2302	0.0	0.0	0.0
2303	3.3599249999999996	5.32705	5.32705
2304	3.45695	2.096625	2.096625
2305	0.0	0.0	0.0
2306	1.737875	0.0	0.0
2307	2.8493500000000003	5.020375	5.020375
2308	3.62535	4.1447	4.1447
2309	1.45485	4.37155	4.37155
2310	2.4536499999999997	2.854425	2.854425
2311	3.714875	2.5541	2.5541
2312	0.0	0.0	0.0
2313	3.25275	2.6584000000000003	2.6584000000000003
2314	3.71555	0.0	0.0
2315	4.256525	3.0882500000000004	3.0882500000000004
2316	0.0	0.0	0.0
2317	3.6537249999999997	2.685125	2.685125
2318	0.0	0.0	0.0
2319	5.156475	2.08655	2.08655
2320	0.0	2.320075	2.320075
2321	0.20537499999999997	0.0	0.0
2322	0.9968250000000001	0.0	0.0
2323	2.6624499999999998	2.569	2.569
2324	0.0	0.0	0.0
2325	0.1693	4.9651499999999995	4.9651499999999995
2326	2.2963500000000003	3.3182	3.3182
2327	2.8051000000000004	5.281874999999999	5.281874999999999
2328	0.80275	0.0	0.0
2329	0.0	0.0	0.0
2330	5.838575	0.09337500000000001	0.09337500000000001
2331	0.0	5.2082250000000005	5.2082250000000005
2332	2.483425	2.2802499999999997	2.2802499999999997
2333	0.0	0.0	0.0
2334	0.0	0.0	0.0
2335	2.63015	1.37555	1.37555
2336	3.3146750000000003	0.0	0.0
2337	3.266425	7.075875	7.075875
2338	0.0	2.4842	2.4842
2339	0.0	1.66085	1.66085
2340	2.47725	0.0	0.0
2341	0.0	5.464499999999999	5.464499999999999
2342	2.4724	0.0	0.0
2343	0.0	0.0	0.0
2344	0.0	0.0	0.0
2345	5.08225	5.0139	5.0139
2346	2.22165	1.841925	1.841925
2347	1.2631000000000001	0.0	0.0
2348	0.0	0.0	0.0
2349	0.0	0.0	0.0
2350	0.0	3.676075	3.676075
2351	0.0	0.0	0.0
2352	0.0	2.004325	2.004325
2353	0.0	0.0	0.0
2354	0.21610000000000001	4.156175	4.156175
2355	5.04925	1.259725	1.259725
2356	2.5684250000000004	3.0549999999999997	3.0549999999999997
2357	2.240875	1.37705	1.37705
2358	0.0	0.0	0.0
2359	3.0272499999999996	0.0	0.0
2360	1.229025	0.0	0.0
2361	0.0	4.951925	4.951925
2362	0.0	0.0	0.0
2363	0.0	0.0	0.0
2364	0.0	0.0	0.0
2365	0.0	0.0	0.0
2366	4.490724999999999	0.0	0.0
2367	2.077075	2.8227	2.8227
2368	2.1902	5.13815	5.13815
2369	0.0	0.0	0.0
2370	2.2761	0.0	0.0
2371	2.167525	0.0	0.0
2372	3.0874249999999996	4.582525	4.582525
2373	0.0	3.9143749999999997	3.9143749999999997
2374	4.071574999999999	3.7032499999999997	3.7032499999999997
2375	1.5612249999999999	4.650425	4.650425
2376	4.233875	0.0	0.0
2377	3.63655	2.8515	2.8515
2378	3.774	3.19895	3.19895
2379	3.61415	0.97375	0.97375
2380	2.863875	3.637375	3.637375
2381	2.2013499999999997	3.44885	3.44885
2382	0.0	0.0	0.0
2383	4.3382249999999996	1.752075	1.752075
2384	5.7745	0.0	0.0
2385	0.0	0.0	0.0
2386	2.6774500000000003	1.030475	1.030475
2387	0.0	0.0	0.0
2388	3.444725	3.3989	3.3989
2389	2.4993	0.0	0.0
2390	2.3958500000000003	2.50985	2.50985
2391	0.0	0.0	0.0
2392	2.5752249999999997	4.5638000000000005	4.5638000000000005
2393	0.0	0.0	0.0
2394	2.261425	1.2027999999999999	1.2027999999999999
2395	1.6324999999999998	0.375575	0.375575
2396	2.61015	0.0	0.0
2397	0.0	0.0	0.0
2398	6.5257249999999996	0.0	0.0
2399	3.0630499999999996	3.96295	3.96295
2400	2.58375	3.9101	3.9101
2401	0.0	0.0	0.0
2402	2.2672499999999998	2.24735	2.24735
2403	0.0	0.0	0.0
2404	1.8889	2.8225	2.8225
2405	0.0	0.0	0.0
2406	3.4631749999999997	2.05725	2.05725
2407	3.998975	0.0	0.0
2408	0.0	0.0	0.0
2409	2.9359	3.97585	3.97585
2410	0.0	0.0	0.0
2411	3.0855	2.52175	2.52175
2412	0.0	0.0	0.0
2413	4.5085999999999995	2.514225	2.514225
2414	3.184025	3.3287750000000003	3.3287750000000003
2415	0.0	0.0	0.0
2416	4.051425	3.07355	3.07355
2417	0.0	0.0	0.0
2418	3.0688	6.44455	6.44455
2419	4.1271	3.79765	3.79765
2420	0.0	3.5258000000000003	3.5258000000000003
2421	0.0	5.79545	5.79545
2422	2.95165	4.10035	4.10035
2423	0.0	0.0	0.0
2424	0.0	0.0	0.0
2425	2.6151999999999997	2.8617	2.8617
2426	0.0	0.0	0.0
2427	0.0	0.0	0.0
2428	0.0	0.0	0.0
2429	3.394975	2.6369749999999996	2.6369749999999996
2430	0.0	0.0	0.0
2431	0.0	0.0	0.0
2432	0.0	0.0	0.0
2433	0.0	0.0	0.0
2434	5.914899999999999	3.497775	3.497775
2435	0.0	0.0	0.0
2436	0.0	0.0	0.0
2437	4.2120999999999995	3.787	3.787
2438	0.0	0.0	0.0
2439	0.0	0.0	0.0
2440	3.9072	3.1261	3.1261
2441	3.427025	3.4155499999999996	3.4155499999999996
2442	1.482175	3.0359499999999997	3.0359499999999997
2443	0.0	0.0	0.0
2444	2.649425	3.4185499999999998	3.4185499999999998
2445	3.24695	6.5632	6.5632
2446	0.0	0.0	0.0
2447	4.3195	5.389	5.389
2448	0.0	0.0	0.0
2449	0.0	0.0	0.0
2450	0.0	0.0	0.0
2451	0.0	0.0	0.0
2452	0.0	0.0	0.0
2453	5.490399999999999	3.7868000000000004	3.7868000000000004
2454	2.1797	3.1666499999999997	3.1666499999999997
2455	0.0	0.0	0.0
2456	3.003725	2.35715	2.35715
2457	1.770275	2.03965	2.03965
2458	0.0	0.0	0.0
2459	0.0	0.0	0.0
2460	3.45215	4.195174999999999	4.195174999999999
2461	3.792	2.673475	2.673475
2462	0.0	0.0	0.0
2463	0.0	0.0	0.0
2464	0.0	0.0	0.0
2465	4.25635	4.870875	4.870875
2466	0.0	0.0	0.0
2467	3.7925500000000003	2.5170500000000002	2.5170500000000002
2468	0.010425	0.10105	0.10105
2469	0.0	0.0	0.0
2470	2.32005	2.466075	2.466075
2471	2.978225	0.0	0.0
2472	0.0	0.0	0.0
2473	3.10105	0.647975	0.647975
2474	2.8036000000000003	0.0	0.0
2475	5.4358	7.4478	7.4478
2476	0.0	0.0	0.0
2477	5.610625000000001	3.8421250000000002	3.8421250000000002
2478	1.8140999999999998	0.0	0.0
2479	3.56595	6.0774	6.0774
2480	6.6198500000000005	6.257625	6.257625
2481	7.044499999999999	1.7158	1.7158
2482	0.0	0.0	0.0
2483	4.208600000000001	2.945975	2.945975
2484	0.0	0.0	0.0
2485	0.0	0.0	0.0
2486	3.1842	2.732925	2.732925
2487	0.0	0.0	0.0
2488	3.4126250000000002	2.9197	2.9197
2489	0.0	1.04925	1.04925
2490	0.0	0.0	0.0
2491	0.0	0.0	0.0
2492	0.0	0.0	0.0
2493	0.0	0.0	0.0
2494	2.2836	2.3426	2.3426
2495	3.26855	2.304175	2.304175
2496	0.0	0.0	0.0
2497	2.8156499999999998	2.5079000000000002	2.5079000000000002
2498	0.0	0.0	0.0
2499	3.5782	4.904450000000001	4.904450000000001
2500	0.0	0.0	0.0
2501	0.0	0.0	0.0
2502	3.3028	6.60825	6.60825
2503	0.0	0.0	0.0
2504	7.136325	3.892275	3.892275
2505	6.453374999999999	3.9209	3.9209
2506	0.0	0.0	0.0
2507	0.0	0.0	0.0
2508	2.0336499999999997	2.57545	2.57545
