star	x_fwhm	y_fwhm	avg_fwhm
1	4.11885	3.6678	3.6678
2	3.3605	3.0352	3.0352
3	3.3701499999999998	3.0951000000000004	3.0951000000000004
4	3.02455	2.9074	2.9074
5	3.2608	3.1251	3.1251
6	3.1825	3.1832	3.1832
7	3.53465	3.2931999999999997	3.2931999999999997
8	3.1312	2.8991	2.8991
9	3.1752	2.9241	2.9241
10	3.0324	2.8579	2.8579
11	3.1409	3.2013	3.2013
12	3.2591	2.9324	2.9324
13	3.1487	3.0495	3.0495
14	3.53535	3.1505	3.1505
15	2.8226	2.7196	2.7196
16	3.22285	3.1277	3.1277
17	3.25505	2.8927	2.8927
18	3.3053	3.0639	3.0639
19	3.01225	3.0111	3.0111
20	3.7774	3.2419	3.2419
21	2.99585	3.05505	3.05505
22	3.3811	3.1102499999999997	3.1102499999999997
23	3.3044	3.13895	3.13895
24	3.53315	3.2569	3.2569
25	3.079	2.8612	2.8612
26	3.38835	3.0411	3.0411
27	3.3669	3.2352499999999997	3.2352499999999997
28	3.183	2.8626	2.8626
29	3.1093	2.8755	2.8755
30	3.372	3.2906000000000004	3.2906000000000004
31	2.96895	2.9238	2.9238
32	2.9228	2.8014	2.8014
33	3.2377000000000002	3.03425	3.03425
34	3.0697	2.8643	2.8643
35	3.4371	3.0939	3.0939
36	2.9814499999999997	2.754	2.754
37	2.97525	2.93485	2.93485
38	2.9007	2.8433	2.8433
39	3.023	2.7742	2.7742
40	3.317	2.934	2.934
41	3.0404	2.8242	2.8242
42	3.1315	2.8681	2.8681
43	3.49995	3.11485	3.11485
44	3.0621	2.9977	2.9977
45	3.1455	2.7301	2.7301
46	3.8993	3.5539	3.5539
47	3.2295499999999997	3.1567	3.1567
48	3.3226500000000003	3.0271	3.0271
49	3.0991999999999997	2.9377	2.9377
50	3.69	2.84305	2.84305
51	3.32145	2.9205	2.9205
52	3.0852500000000003	3.0169	3.0169
53	2.9626	2.7962	2.7962
54	3.0844	2.87775	2.87775
55	3.101	3.04145	3.04145
56	3.54565	3.2542999999999997	3.2542999999999997
57	3.1115	2.8994	2.8994
58	3.1176500000000003	2.9653	2.9653
59	3.5019	3.2619499999999997	3.2619499999999997
60	3.6498	3.7038	3.7038
61	3.37595	3.0097	3.0097
62	3.3430999999999997	3.152	3.152
63	3.0791	2.8132	2.8132
64	3.0212	2.9849	2.9849
65	2.9677499999999997	2.8533	2.8533
66	3.3698	3.34165	3.34165
67	3.0286999999999997	2.9785	2.9785
68	3.32925	2.8857	2.8857
69	3.2170500000000004	3.1197	3.1197
70	2.9256	2.6388499999999997	2.6388499999999997
71	3.2328	2.9874	2.9874
72	2.9019	2.8333	2.8333
73	3.0713	2.9911	2.9911
74	3.3704	2.9537	2.9537
75	2.92305	2.82355	2.82355
76	3.07395	2.9194	2.9194
77	3.09185	2.986	2.986
78	3.1319	3.09905	3.09905
79	3.2886	2.8864	2.8864
80	3.31405	3.0716	3.0716
81	2.838	2.7865	2.7865
82	3.0043	2.7742	2.7742
83	3.0773	2.9148	2.9148
84	3.0967	3.63	3.63
85	2.9306	2.8562	2.8562
86	2.9744	2.7878499999999997	2.7878499999999997
87	3.1759	3.0051	3.0051
88	3.3749	3.6481500000000002	3.6481500000000002
89	3.004	2.8122	2.8122
90	3.1914	2.9994	2.9994
91	3.198	2.9509499999999997	2.9509499999999997
92	3.1502499999999998	2.8626	2.8626
93	3.40845	3.4639499999999996	3.4639499999999996
94	3.1999	3.0798500000000004	3.0798500000000004
95	3.1997	3.1013	3.1013
96	3.10295	2.9373	2.9373
97	3.1253	3.1673999999999998	3.1673999999999998
98	3.3528	3.2565999999999997	3.2565999999999997
99	3.04685	2.88155	2.88155
100	3.4081	2.96845	2.96845
101	3.3007	3.2647	3.2647
102	3.2417	3.10345	3.10345
103	3.2844	2.9587	2.9587
104	3.1452	3.0875	3.0875
105	3.67485	3.6291	3.6291
106	4.3365	3.0698	3.0698
107	3.0295	2.82435	2.82435
108	3.16085	2.843	2.843
109	3.0641	2.79875	2.79875
110	3.4785	2.9606	2.9606
111	3.3681	2.9792	2.9792
112	3.2569	2.92915	2.92915
113	3.1347	3.0801	3.0801
114	3.4348	2.9968500000000002	2.9968500000000002
115	3.18315	3.1432	3.1432
116	2.99985	2.6501	2.6501
117	3.0704	2.8586	2.8586
118	2.82085	2.9635	2.9635
119	3.2712	3.2783	3.2783
120	3.0721	2.8616	2.8616
121	3.1706000000000003	2.9744	2.9744
122	3.05455	2.7261	2.7261
123	3.43685	3.26825	3.26825
124	3.2542	3.0896	3.0896
125	3.51755	3.14	3.14
126	3.3744	3.12865	3.12865
127	3.57565	3.0776	3.0776
128	3.5128	3.2824	3.2824
129	3.1553	2.9199	2.9199
130	3.3204000000000002	3.06405	3.06405
131	3.1211	3.0828	3.0828
132	3.58365	3.27005	3.27005
133	3.61015	3.0821	3.0821
134	3.1508	2.8921	2.8921
135	3.5182	3.1126	3.1126
136	3.0722	2.91655	2.91655
137	3.3197	3.1207	3.1207
138	3.5754	6.1525	6.1525
139	3.1312	2.9759	2.9759
140	3.37075	2.8999	2.8999
141	3.07455	2.89655	2.89655
142	3.4735	3.2136	3.2136
143	3.4742	3.0728	3.0728
144	2.9495	2.74785	2.74785
145	3.23025	2.8691500000000003	2.8691500000000003
146	3.3154000000000003	3.9668	3.9668
147	3.2744	3.1187	3.1187
148	3.1712	2.8405500000000004	2.8405500000000004
149	3.1874	3.29545	3.29545
150	3.0237	2.9161	2.9161
151	3.1897	3.29545	3.29545
152	3.3865499999999997	3.40185	3.40185
153	3.0089499999999996	2.8955	2.8955
154	2.9885	2.8669	2.8669
155	2.9927	2.7351	2.7351
156	3.0564	2.9436	2.9436
157	2.9782	2.7966499999999996	2.7966499999999996
158	2.9009	2.9641	2.9641
159	3.23	2.8800499999999998	2.8800499999999998
160	3.3691	3.3736	3.3736
161	3.2572	2.7916499999999997	2.7916499999999997
162	3.29815	3.0381	3.0381
163	3.4211	2.9865	2.9865
164	3.412	3.0505	3.0505
165	3.1716	2.9194	2.9194
166	3.3339	3.2191	3.2191
167	3.20115	3.1431500000000003	3.1431500000000003
168	4.3658	4.90705	4.90705
169	3.1158	3.0189	3.0189
170	3.1092	3.00785	3.00785
171	3.58685	3.4489	3.4489
172	3.2329999999999997	2.7687	2.7687
173	3.39715	3.1417	3.1417
174	3.5905	3.83655	3.83655
175	3.2654	2.9802	2.9802
176	2.89895	2.6769	2.6769
177	3.4617	3.1609499999999997	3.1609499999999997
178	3.18825	2.9951	2.9951
179	3.0066	3.0767	3.0767
180	3.0307	2.9066	2.9066
181	3.3898	3.2023	3.2023
182	3.12335	2.89795	2.89795
183	3.4266	3.02595	3.02595
184	3.28075	3.0184499999999996	3.0184499999999996
185	3.4009	3.2976	3.2976
186	2.87895	2.7706	2.7706
187	3.4016	3.28605	3.28605
188	3.324	3.2285	3.2285
189	3.2043	2.9806	2.9806
190	3.1031500000000003	3.4938	3.4938
191	3.1871	3.06015	3.06015
192	4.0535	3.52195	3.52195
193	3.1111	3.1042	3.1042
194	2.8716	3.1827	3.1827
195	2.9081	4.8707	4.8707
196	3.2274	3.0998	3.0998
197	3.3205	2.8415	2.8415
198	3.14275	3.14465	3.14465
199	3.1754	2.8754	2.8754
200	3.627	3.1016000000000004	3.1016000000000004
201	3.5316	3.3857999999999997	3.3857999999999997
202	3.4896	2.9591	2.9591
203	3.1022	2.9766	2.9766
204	3.24885	2.9651	2.9651
205	3.91775	3.4293	3.4293
206	3.5452000000000004	2.8310500000000003	2.8310500000000003
207	4.5617	3.5461	3.5461
208	3.40755	3.03165	3.03165
209	3.2566	3.1871	3.1871
210	3.154	3.0498	3.0498
211	2.8487	2.8792	2.8792
212	3.23875	3.00115	3.00115
213	3.2085	2.926	2.926
214	3.897	3.2636000000000003	3.2636000000000003
215	3.4635	3.11525	3.11525
216	3.4322	3.03925	3.03925
217	3.4849	3.54995	3.54995
218	3.2737	2.787	2.787
219	3.2649999999999997	3.146	3.146
220	3.14785	2.95055	2.95055
221	3.4766	3.7302	3.7302
222	3.3805	3.12505	3.12505
223	3.0938	3.1477000000000004	3.1477000000000004
224	2.97605	2.91285	2.91285
225	3.4897	4.5613	4.5613
226	3.42565	3.2779	3.2779
227	2.9554	2.8254	2.8254
228	3.3104	3.0359	3.0359
229	3.6151	2.8838	2.8838
230	3.5896999999999997	3.0554	3.0554
231	3.2565999999999997	2.8830999999999998	2.8830999999999998
232	2.84205	3.1337	3.1337
233	3.3963	3.1883	3.1883
234	2.8191	3.0538	3.0538
235	3.482	3.0027	3.0027
236	2.9764	2.9936	2.9936
237	3.3265	3.2793	3.2793
238	3.1967499999999998	2.9939	2.9939
239	3.6593999999999998	3.4974	3.4974
240	3.3255999999999997	3.53575	3.53575
241	3.31095	3.0484999999999998	3.0484999999999998
242	3.0304	2.7899	2.7899
243	3.24925	2.9393	2.9393
244	2.9661999999999997	2.7996	2.7996
245	3.30305	2.9489	2.9489
246	3.5946	3.3861499999999998	3.3861499999999998
247	2.9618	3.1173	3.1173
248	3.05795	3.1507	3.1507
249	2.9650499999999997	2.9607	2.9607
250	2.84905	2.89685	2.89685
251	2.9841	3.09335	3.09335
252	2.9828	3.0097	3.0097
253	3.50835	3.0385	3.0385
254	3.0141	3.0138499999999997	3.0138499999999997
255	3.5326	3.0991	3.0991
256	3.4034	3.1099	3.1099
257	3.39995	3.0911	3.0911
258	2.9684	2.9066	2.9066
259	2.9867999999999997	2.9477	2.9477
260	3.3743	3.31265	3.31265
261	3.5607499999999996	2.8187	2.8187
262	3.0372500000000002	2.8723	2.8723
263	3.5867500000000003	2.9331	2.9331
264	3.5321	3.1384499999999997	3.1384499999999997
265	3.57565	4.2016	4.2016
266	3.3387	3.4015	3.4015
267	3.0651	2.9617500000000003	2.9617500000000003
268	3.9706	2.8248499999999996	2.8248499999999996
269	3.04845	3.28165	3.28165
270	3.3081	3.12555	3.12555
271	3.56835	2.8082000000000003	2.8082000000000003
272	3.2237	2.8414	2.8414
273	3.0031	2.9361	2.9361
274	3.0073499999999997	2.9712500000000004	2.9712500000000004
275	3.2215499999999997	2.6661	2.6661
276	3.1736500000000003	3.42475	3.42475
277	3.0557	3.2226	3.2226
278	3.8108	3.09675	3.09675
279	2.9965	2.6933	2.6933
280	3.5112	5.3637	5.3637
281	2.94405	2.6435	2.6435
282	3.31905	2.9410999999999996	2.9410999999999996
283	3.7041500000000003	3.0655	3.0655
284	3.408	3.22735	3.22735
285	5.1052	3.4644500000000003	3.4644500000000003
286	3.77895	3.5997	3.5997
287	3.4561	3.318	3.318
288	3.1328	2.92435	2.92435
289	3.36745	3.0986000000000002	3.0986000000000002
290	2.91825	3.0656	3.0656
291	3.5079000000000002	3.137	3.137
292	3.1953	2.9114	2.9114
293	3.1939	6.335850000000001	6.335850000000001
294	2.7781000000000002	2.6321	2.6321
295	3.28	2.7991	2.7991
296	3.5333	3.0771499999999996	3.0771499999999996
297	3.461	3.0497	3.0497
298	3.3104	3.71	3.71
299	3.5101	5.706149999999999	5.706149999999999
300	3.3737	3.1246	3.1246
301	3.4452	3.1973000000000003	3.1973000000000003
302	4.049	2.8339499999999997	2.8339499999999997
303	3.0636	2.9059	2.9059
304	4.2646	2.78275	2.78275
305	3.3992500000000003	3.2861	3.2861
306	3.0794	3.1319999999999997	3.1319999999999997
307	3.7549	2.9636	2.9636
308	3.65475	2.91315	2.91315
309	3.8326	3.4043	3.4043
310	2.9327	3.10845	3.10845
311	4.04145	3.1087499999999997	3.1087499999999997
312	4.22275	3.1638	3.1638
313	3.5251	3.1478	3.1478
314	3.6625	2.7763	2.7763
315	3.80545	3.2923	3.2923
316	3.0161	3.2028499999999998	3.2028499999999998
317	3.8794500000000003	4.0493500000000004	4.0493500000000004
318	3.2713	2.8905000000000003	2.8905000000000003
319	2.7258	2.95275	2.95275
320	3.3038	3.0744	3.0744
321	2.9379	3.2485	3.2485
322	3.4364	3.9207	3.9207
323	3.3613999999999997	3.053	3.053
324	3.5132000000000003	3.1847000000000003	3.1847000000000003
325	3.3116	2.982	2.982
326	3.5991	3.0732	3.0732
327	4.1579999999999995	3.0641	3.0641
328	3.311	3.1956	3.1956
329	3.2718	3.111	3.111
330	3.18135	2.8965	2.8965
331	3.5067500000000003	3.10325	3.10325
332	2.9552	2.6006	2.6006
333	3.56015	3.3117	3.3117
334	3.4320000000000004	3.0326	3.0326
335	3.2459	2.9233000000000002	2.9233000000000002
336	3.5592	3.3602	3.3602
337	3.0932	3.1613	3.1613
338	3.17205	2.9444	2.9444
339	3.1346499999999997	2.7352499999999997	2.7352499999999997
340	3.3477	3.0288500000000003	3.0288500000000003
341	3.3217	3.1704	3.1704
342	3.5728	3.09755	3.09755
343	3.3966	3.1661	3.1661
344	2.9841	3.2714	3.2714
345	3.6909	3.24445	3.24445
346	3.6102	3.2478	3.2478
347	3.186	2.5996	2.5996
348	3.0553	2.79515	2.79515
349	3.7415	3.0679499999999997	3.0679499999999997
350	3.482	3.1243499999999997	3.1243499999999997
351	3.3658	2.8696	2.8696
352	3.3302	3.094	3.094
353	3.4266	2.6403	2.6403
354	3.2981	3.0955	3.0955
355	3.1569000000000003	3.42455	3.42455
356	1.5609	3.2334	3.2334
357	3.4166	3.4674500000000004	3.4674500000000004
358	2.89595	2.7965	2.7965
359	3.6304499999999997	3.7419000000000002	3.7419000000000002
360	3.58045	3.3288	3.3288
361	3.6167	3.5133	3.5133
362	3.46135	3.13095	3.13095
363	3.3155	2.6736500000000003	2.6736500000000003
364	3.1105	2.9233	2.9233
365	2.90845	3.05325	3.05325
366	3.0095	3.44915	3.44915
367	3.3657	3.3415	3.3415
368	3.0638	3.0944	3.0944
369	3.3428	3.5551500000000003	3.5551500000000003
370	3.35525	2.9657	2.9657
371	3.2115	3.2517	3.2517
372	3.25655	2.8278499999999998	2.8278499999999998
373	3.81555	3.1667	3.1667
374	3.61095	3.1007499999999997	3.1007499999999997
375	3.09525	2.6411	2.6411
376	3.2793	3.0604	3.0604
377	3.1378	2.887	2.887
378	4.7435	3.21645	3.21645
379	2.8185000000000002	2.7052	2.7052
380	3.2989	3.06095	3.06095
381	3.2864	2.8164	2.8164
382	3.3871	3.23435	3.23435
383	3.4357	3.2283999999999997	3.2283999999999997
384	4.06065	4.18375	4.18375
385	3.27775	3.4110500000000004	3.4110500000000004
386	3.2368	2.9197499999999996	2.9197499999999996
387	2.9662499999999996	3.1456	3.1456
388	3.5265	6.0326	6.0326
389	3.8829000000000002	3.0660999999999996	3.0660999999999996
390	3.2155	2.793	2.793
391	2.9554	3.5755	3.5755
392	2.8881	3.4996	3.4996
393	3.0202999999999998	3.0975	3.0975
394	3.52595	6.33535	6.33535
395	3.3653	3.22255	3.22255
396	3.5894	3.37465	3.37465
397	3.4256	4.35865	4.35865
398	4.42795	2.9075	2.9075
399	3.2734	3.8284	3.8284
400	2.9177	3.2736	3.2736
401	3.9511	3.6543	3.6543
402	2.9415	2.9162	2.9162
403	3.23095	2.82885	2.82885
404	3.0694	3.4834	3.4834
405	3.3807	3.0058	3.0058
406	3.0369	3.4381	3.4381
407	2.9852	2.5996	2.5996
408	3.7819	3.2292	3.2292
409	3.30635	2.8432	2.8432
410	3.5061	3.1425	3.1425
411	3.5966	3.36325	3.36325
412	3.58795	3.2950999999999997	3.2950999999999997
413	3.2652	3.1060499999999998	3.1060499999999998
414	3.1669	2.8542	2.8542
415	4.06165	3.54125	3.54125
416	3.04675	3.3377	3.3377
417	3.4048	3.0042999999999997	3.0042999999999997
418	4.20305	3.3145499999999997	3.3145499999999997
419	3.7548500000000002	3.3806	3.3806
420	6.1007	4.94225	4.94225
421	3.374	3.35425	3.35425
422	5.1333	3.3800499999999998	3.3800499999999998
423	3.5738	4.54385	4.54385
424	3.3095	2.90835	2.90835
425	4.0232	7.2235499999999995	7.2235499999999995
426	3.6077	2.79005	2.79005
427	4.0232	7.2136499999999995	7.2136499999999995
428	3.3718	3.326	3.326
429	4.74075	3.5584	3.5584
430	3.2787	3.1232	3.1232
431	3.8959	3.30335	3.30335
432	6.11	4.8849	4.8849
433	3.3117	3.2626	3.2626
434	6.1719	4.9862	4.9862
435	3.7324	2.7568	2.7568
436	3.38635	3.0101500000000003	3.0101500000000003
437	3.3245	3.6785	3.6785
438	3.3720499999999998	2.8350999999999997	2.8350999999999997
439	3.37	3.3555	3.3555
440	3.4678	3.7439	3.7439
441	3.22335	2.9741	2.9741
442	5.4041999999999994	3.5387	3.5387
443	3.3889	2.9444	2.9444
444	3.4194	3.7779499999999997	3.7779499999999997
445	5.3924	3.5535	3.5535
446	3.3466	3.3045	3.3045
447	3.50385	3.4237	3.4237
448	4.4611	3.2960000000000003	3.2960000000000003
449	2.8972	2.98025	2.98025
450	3.125	3.0036	3.0036
451	3.4313	2.9664	2.9664
452	4.3818	2.9767	2.9767
453	3.0572	2.9335	2.9335
454	3.73875	3.7324	3.7324
455	3.0869	2.8721	2.8721
456	3.883	3.1484	3.1484
457	4.641249999999999	2.97565	2.97565
458	3.6135	3.3711	3.3711
459	5.43045	3.5649	3.5649
460	3.6629	3.07485	3.07485
461	3.1068	3.4778	3.4778
462	3.33375	3.6094	3.6094
463	3.6326	3.3371500000000003	3.3371500000000003
464	3.8606	4.960050000000001	4.960050000000001
465	3.2543	2.87385	2.87385
466	3.4495	4.4754	4.4754
467	3.36945	4.0296	4.0296
468	3.36755	2.7437	2.7437
469	3.2237	3.0708	3.0708
470	3.5733	3.2851	3.2851
471	3.7649999999999997	3.4627	3.4627
472	3.62555	2.76905	2.76905
473	3.22	2.7774	2.7774
474	4.6880500000000005	3.21805	3.21805
475	3.4728	3.1082	3.1082
476	3.33375	3.65225	3.65225
477	3.082	2.9922	2.9922
478	3.8387	3.18325	3.18325
479	3.2795	4.77355	4.77355
480	3.5077	3.0913000000000004	3.0913000000000004
481	3.1648	3.28095	3.28095
482	3.1225	3.13795	3.13795
483	3.30075	2.8799	2.8799
484	3.6089	3.5137	3.5137
485	3.1975	3.011	3.011
486	2.9402	2.8239	2.8239
487	4.46865	3.19645	3.19645
488	4.3542	3.06935	3.06935
489	3.0126	2.71805	2.71805
490	3.6548499999999997	2.89285	2.89285
491	3.3294	3.3789	3.3789
492	3.39505	3.5518	3.5518
493	3.0187	4.31405	4.31405
494	4.5558	3.1485000000000003	3.1485000000000003
495	3.7055499999999997	3.3145	3.3145
496	3.5709999999999997	3.1278	3.1278
497	3.09755	3.0131	3.0131
498	3.42	3.2003	3.2003
499	2.6573	2.63685	2.63685
500	2.94935	2.499	2.499
501	3.4828	3.54	3.54
502	3.7703	3.4321	3.4321
503	4.0329999999999995	4.0931	4.0931
504	3.48795	8.146049999999999	8.146049999999999
505	3.153	2.7572	2.7572
506	3.0079	4.4242	4.4242
507	3.4275	3.22745	3.22745
508	3.2217	2.991	2.991
509	4.1665	3.5631	3.5631
510	4.12665	3.51455	3.51455
511	3.39485	3.27	3.27
512	3.4274	2.8553	2.8553
513	3.3725	3.2139	3.2139
514	3.1386000000000003	3.6423	3.6423
515	3.7665499999999996	2.9498499999999996	2.9498499999999996
516	3.4056	3.21795	3.21795
517	2.908	4.61775	4.61775
518	3.10525	3.6804	3.6804
519	3.03005	2.4907	2.4907
520	3.41195	4.23165	4.23165
521	3.3957	3.02255	3.02255
522	4.94215	2.7787	2.7787
523	4.1117	3.1128	3.1128
524	5.8613	3.465	3.465
525	3.9734	3.6755	3.6755
526	3.3709	2.6096	2.6096
527	3.10395	4.8593	4.8593
528	3.0623	2.8213	2.8213
529	3.4998500000000003	3.06505	3.06505
530	3.6113	3.0167	3.0167
531	5.99085	3.3747999999999996	3.3747999999999996
532	4.723050000000001	3.04875	3.04875
533	2.9303	2.2249	2.2249
534	6.0644	3.37465	3.37465
535	3.166	4.13825	4.13825
536	3.7014	3.55075	3.55075
537	3.0644	3.1049	3.1049
538	5.3545	2.9617500000000003	2.9617500000000003
539	5.8343	5.4796	5.4796
540	3.52225	3.3703	3.3703
541	3.3005	3.05065	3.05065
542	3.47265	3.0895	3.0895
543	3.024	3.3164	3.3164
544	2.9308	2.4271000000000003	2.4271000000000003
545	3.36175	2.975	2.975
546	5.6299	4.8061	4.8061
547	3.8163	2.6102999999999996	2.6102999999999996
548	3.504	3.2566	3.2566
549	3.07655	4.9910499999999995	4.9910499999999995
550	2.9788	6.543950000000001	6.543950000000001
551	3.0000999999999998	5.089700000000001	5.089700000000001
552	4.09905	4.3462	4.3462
553	3.8256	2.9718	2.9718
554	2.9953000000000003	5.197100000000001	5.197100000000001
555	2.7814	3.6456	3.6456
556	4.5009	2.80445	2.80445
557	4.53	3.3343	3.3343
558	2.8968499999999997	2.4918500000000003	2.4918500000000003
559	2.9985999999999997	2.9236	2.9236
560	2.8663	3.3781	3.3781
561	3.20375	3.2600499999999997	3.2600499999999997
562	3.5818	3.2981	3.2981
563	3.40795	3.4417999999999997	3.4417999999999997
564	3.18975	2.5887000000000002	2.5887000000000002
565	4.47935	3.3025	3.3025
566	3.18975	2.5887000000000002	2.5887000000000002
567	3.0755999999999997	3.6901	3.6901
568	4.584300000000001	3.7025	3.7025
569	3.072	2.8083	2.8083
570	3.10625	2.5799000000000003	2.5799000000000003
571	3.22035	3.2318	3.2318
572	3.0751	3.668	3.668
573	3.79065	3.2015000000000002	3.2015000000000002
574	3.3967	3.1888500000000004	3.1888500000000004
575	2.9571500000000004	2.4883	2.4883
576	5.1983	3.90495	3.90495
577	2.7908	2.58115	2.58115
578	2.1350499999999997	3.5580499999999997	3.5580499999999997
579	2.69705	2.5538	2.5538
580	2.77965	2.7264	2.7264
581	3.4593	3.2604	3.2604
582	3.0831999999999997	2.8965	2.8965
583	3.7389	3.1231	3.1231
584	2.9936	3.0444	3.0444
585	2.75615	2.7516	2.7516
586	3.1987	6.08125	6.08125
587	5.2012	3.8462500000000004	3.8462500000000004
588	3.32335	2.8202	2.8202
589	3.2435	3.1676	3.1676
590	2.9700499999999996	3.1	3.1
591	3.3293	3.0266	3.0266
592	2.7897499999999997	3.35955	3.35955
593	3.16695	2.8201	2.8201
594	3.0191999999999997	2.8013	2.8013
595	3.4278	3.52665	3.52665
596	3.2229	4.08825	4.08825
597	3.9159	2.9995	2.9995
598	3.2116	3.4255	3.4255
599	3.4158	3.04675	3.04675
600	3.3212	2.5043	2.5043
601	3.261	2.9526000000000003	2.9526000000000003
602	4.2347	2.8559	2.8559
603	4.65235	2.7414500000000004	2.7414500000000004
604	3.3873	3.1812	3.1812
605	2.58315	3.0836	3.0836
606	2.9943	2.9104	2.9104
607	5.5439	2.8992	2.8992
608	3.3382	3.51325	3.51325
609	4.0761	3.1057	3.1057
610	3.89405	3.9226	3.9226
611	3.1507	3.3977	3.3977
612	2.9177	2.46845	2.46845
613	3.2837	2.7134	2.7134
614	3.14365	3.4214	3.4214
615	4.825	2.4575	2.4575
616	4.0359	5.2801	5.2801
617	3.5793999999999997	4.1245	4.1245
618	4.8506	2.9495	2.9495
619	3.0171	3.119	3.119
620	3.1838499999999996	2.6885	2.6885
621	3.1058000000000003	3.3357	3.3357
622	3.60725	4.1561	4.1561
623	4.7639	2.4272	2.4272
624	3.1615	2.763	2.763
625	4.625299999999999	2.89165	2.89165
626	3.00225	2.5339	2.5339
627	3.8726000000000003	2.8034	2.8034
628	3.9971	7.20445	7.20445
629	3.10675	3.0217	3.0217
630	3.7612	3.4419	3.4419
631	3.9364999999999997	7.20445	7.20445
632	4.18215	3.3552	3.3552
633	4.030049999999999	3.2098	3.2098
634	2.71345	2.9808	2.9808
635	3.9673499999999997	3.9099	3.9099
636	2.75185	3.10495	3.10495
637	5.14785	2.3513	2.3513
638	3.2614	3.2807	3.2807
639	4.8382	4.21185	4.21185
640	3.4308	3.6839	3.6839
641	3.47075	3.2569999999999997	3.2569999999999997
642	3.4489	3.6505	3.6505
643	3.6908	3.43955	3.43955
644	4.6607	3.9482	3.9482
645	3.58315	2.7086	2.7086
646	2.9862	2.78085	2.78085
647	3.9207	3.7375499999999997	3.7375499999999997
648	4.159549999999999	3.2962	3.2962
649	3.2853	2.4433	2.4433
650	3.26465	3.2608	3.2608
651	4.4226	3.5326	3.5326
652	3.5088	3.4769	3.4769
653	3.1155	4.71215	4.71215
654	4.307449999999999	3.3248499999999996	3.3248499999999996
655	3.3893	3.1926	3.1926
656	2.9842	5.9747	5.9747
657	3.25	3.63915	3.63915
658	3.3893	3.1926	3.1926
659	3.8777	3.3971	3.3971
660	3.8418	3.1911	3.1911
661	3.4895500000000004	4.737550000000001	4.737550000000001
662	3.9238999999999997	2.9697	2.9697
663	3.47325	4.7684	4.7684
664	5.26815	5.443300000000001	5.443300000000001
665	3.3845	3.2215	3.2215
666	3.7896	4.3104	4.3104
667	3.78195	3.6731499999999997	3.6731499999999997
668	3.41695	2.55195	2.55195
669	3.81055	3.5715	3.5715
670	2.5144	2.52155	2.52155
671	4.1609	3.1601	3.1601
672	3.4571	5.6696	5.6696
673	3.40605	4.3613	4.3613
674	3.2628	4.682650000000001	4.682650000000001
675	2.9214	3.8939	3.8939
676	2.7763999999999998	2.76	2.76
677	4.3823	3.2301	3.2301
678	3.22455	3.5025500000000003	3.5025500000000003
679	3.52445	5.6731	5.6731
680	3.1795999999999998	2.61615	2.61615
681	3.1247499999999997	2.4954	2.4954
682	3.1673999999999998	3.22415	3.22415
683	4.30735	5.25805	5.25805
684	3.6144999999999996	3.4145	3.4145
685	2.6606	2.7708	2.7708
686	3.1446	2.9307	2.9307
687	4.6451	3.2831	3.2831
688	3.1446	2.9307	2.9307
689	4.3598	3.4199	3.4199
690	3.9055	2.66365	2.66365
691	4.47645	3.2234499999999997	3.2234499999999997
692	2.9894	3.9625500000000002	3.9625500000000002
693	3.98205	3.0016499999999997	3.0016499999999997
694	3.4158	2.80645	2.80645
695	4.1556	3.1665	3.1665
696	3.2184	4.5251	4.5251
697	3.88015	3.1817	3.1817
698	3.24715	2.77075	2.77075
699	2.8236	2.8268500000000003	2.8268500000000003
700	3.0303	2.6168500000000003	2.6168500000000003
701	2.7444	2.6532	2.6532
702	3.5604	2.7846	2.7846
703	2.6912	2.7595	2.7595
704	3.67065	3.36625	3.36625
705	3.1952499999999997	2.9924	2.9924
706	3.189	2.6928	2.6928
707	3.0120500000000003	2.8409	2.8409
708	4.4106	3.5097	3.5097
709	3.1411	2.86535	2.86535
710	3.1323	2.7727	2.7727
711	4.4673	5.1044	5.1044
712	5.605	3.3896	3.3896
713	2.94325	3.57695	3.57695
714	3.74775	4.9344	4.9344
715	0.0	0.0	0.0
716	5.6034500000000005	3.44845	3.44845
717	3.09225	4.1153	4.1153
718	3.48125	3.17305	3.17305
719	5.27945	3.2928	3.2928
720	3.21435	2.4469	2.4469
721	2.93105	3.04745	3.04745
722	4.4104	2.8606499999999997	2.8606499999999997
723	6.5056	3.12025	3.12025
724	3.3771	2.8217	2.8217
725	4.39985	2.8606499999999997	2.8606499999999997
726	2.9351000000000003	3.0844500000000004	3.0844500000000004
727	3.1044	3.3923	3.3923
728	3.6291	2.9248	2.9248
729	3.1411499999999997	2.6255	2.6255
730	4.338699999999999	3.033	3.033
731	4.0154499999999995	3.6708	3.6708
732	3.4188	2.9366	2.9366
733	3.9168	4.234	4.234
734	3.8341000000000003	2.7963	2.7963
735	3.6231	3.0450999999999997	3.0450999999999997
736	3.7049	3.2268	3.2268
737	3.206	3.3310000000000004	3.3310000000000004
738	3.6684	2.8659499999999998	2.8659499999999998
739	3.4826	2.98345	2.98345
740	4.35505	3.0189	3.0189
741	4.3294999999999995	3.1221	3.1221
742	3.9089	3.1668000000000003	3.1668000000000003
743	3.2396	2.8576	2.8576
744	3.4552	3.55685	3.55685
745	3.32235	3.5189	3.5189
746	2.9641	2.84795	2.84795
747	3.25105	3.29235	3.29235
748	2.6725	2.28535	2.28535
749	2.95425	4.1088000000000005	4.1088000000000005
750	6.4557	3.1893000000000002	3.1893000000000002
751	3.31685	3.3769	3.3769
752	3.4410499999999997	3.6370500000000003	3.6370500000000003
753	3.9902499999999996	4.285	4.285
754	3.0481999999999996	3.0452500000000002	3.0452500000000002
755	3.89345	3.179	3.179
756	4.38	3.5566000000000004	3.5566000000000004
757	4.7596	3.35525	3.35525
758	4.38	3.5566000000000004	3.5566000000000004
759	3.3283500000000004	3.8704	3.8704
760	3.1446	3.77505	3.77505
761	3.8404	3.1991	3.1991
762	3.3473499999999996	3.9696	3.9696
763	2.8057	3.0214499999999997	3.0214499999999997
764	3.4211	2.7535499999999997	2.7535499999999997
765	4.07845	4.3968	4.3968
766	3.05205	2.97	2.97
767	3.3734	3.2385	3.2385
768	3.7321	2.45135	2.45135
769	3.4236	4.50905	4.50905
770	3.4637	2.6055	2.6055
771	3.7972	3.55565	3.55565
772	3.61445	3.0781	3.0781
773	3.4110500000000004	3.22795	3.22795
774	3.59255	2.4998	2.4998
775	2.81065	3.1445499999999997	3.1445499999999997
776	3.1077500000000002	2.80535	2.80535
777	6.15695	3.40565	3.40565
778	3.7303	4.95285	4.95285
779	3.0509	3.1201499999999998	3.1201499999999998
780	3.1148	3.281	3.281
781	3.567	2.9533	2.9533
782	3.3179	2.7004	2.7004
783	3.8348	3.30775	3.30775
784	3.5322500000000003	3.2420999999999998	3.2420999999999998
785	3.2671	3.1148	3.1148
786	3.3427	2.8289999999999997	2.8289999999999997
787	2.90255	3.2039	3.2039
788	3.5345	2.4852999999999996	2.4852999999999996
789	3.27775	3.3667	3.3667
790	5.2620000000000005	3.20905	3.20905
791	2.8379	2.0696000000000003	2.0696000000000003
792	3.2981	3.1379	3.1379
793	3.209	3.0144	3.0144
794	3.2107	4.0292	4.0292
795	3.9725	2.7278	2.7278
796	3.2805	4.6105	4.6105
797	3.2657	3.01945	3.01945
798	3.0335	2.6266499999999997	2.6266499999999997
799	4.4211	3.1217	3.1217
800	6.9411000000000005	4.27635	4.27635
801	3.2937	3.2350000000000003	3.2350000000000003
802	2.5858	2.93005	2.93005
803	2.9920999999999998	2.6823	2.6823
804	2.5962	4.8265	4.8265
805	3.60095	2.688	2.688
806	3.333	2.24305	2.24305
807	3.4247	3.80755	3.80755
808	4.079549999999999	2.2898	2.2898
809	3.2647500000000003	4.4863	4.4863
810	3.0435	3.8826	3.8826
811	3.6693	5.6646	5.6646
812	2.5586	1.7817	1.7817
813	3.4426	2.6413	2.6413
814	3.8412	3.7381	3.7381
815	3.31665	2.51595	2.51595
816	3.3999	3.64415	3.64415
817	5.2973	3.7363	3.7363
818	3.3085	2.9284499999999998	2.9284499999999998
819	4.3545	2.8867000000000003	2.8867000000000003
820	5.33875	4.114850000000001	4.114850000000001
821	3.2851	2.7436	2.7436
822	3.2109	6.062200000000001	6.062200000000001
823	6.52255	2.83725	2.83725
824	4.036099999999999	2.2339	2.2339
825	3.19795	2.70495	2.70495
826	4.9178	3.32715	3.32715
827	3.7407500000000002	3.8973	3.8973
828	3.1729	1.943	1.943
829	3.68375	2.8372	2.8372
830	3.9296	3.28565	3.28565
831	6.616350000000001	4.2042	4.2042
832	3.30095	2.9849	2.9849
833	3.919	2.8627000000000002	2.8627000000000002
834	4.9178	3.32715	3.32715
835	3.3627000000000002	2.8577	2.8577
836	3.3346	2.5326500000000003	2.5326500000000003
837	4.91075	3.2335000000000003	3.2335000000000003
838	3.1292	2.5500499999999997	2.5500499999999997
839	3.4691	3.0588	3.0588
840	5.0037	5.48865	5.48865
841	2.826	2.7136	2.7136
842	3.48285	6.31	6.31
843	3.3321	2.9397	2.9397
844	3.8065	2.8438	2.8438
845	4.2679	2.895	2.895
846	3.6572500000000003	4.0436499999999995	4.0436499999999995
847	3.3688	3.1183	3.1183
848	3.2953	3.0603	3.0603
849	3.6677	3.9821999999999997	3.9821999999999997
850	3.1885	3.2708500000000003	3.2708500000000003
851	2.61735	4.7435	4.7435
852	3.0451	3.59335	3.59335
853	3.6325000000000003	3.9886	3.9886
854	3.0326	3.6452999999999998	3.6452999999999998
855	3.1545	3.1622500000000002	3.1622500000000002
856	3.3464	6.07845	6.07845
857	3.31715	3.1896	3.1896
858	3.9332000000000003	2.41575	2.41575
859	2.6841999999999997	4.9338999999999995	4.9338999999999995
860	3.3688	3.0383	3.0383
861	2.6841999999999997	4.9338999999999995	4.9338999999999995
862	3.5299	4.0963	4.0963
863	2.84265	3.74225	3.74225
864	3.6238	3.5438	3.5438
865	3.7818	4.6112	4.6112
866	6.4418	4.0685	4.0685
867	3.7045	5.9595	5.9595
868	3.63455	2.9072	2.9072
869	5.5943000000000005	2.82435	2.82435
870	5.6477	5.3061	5.3061
871	3.73685	2.8925	2.8925
872	3.0308	5.1231	5.1231
873	3.5366999999999997	2.5304	2.5304
874	3.6863	6.0424	6.0424
875	4.41945	3.3701499999999998	3.3701499999999998
876	4.6221	2.5652	2.5652
877	3.1850500000000004	1.35335	1.35335
878	4.99395	3.7162	3.7162
879	3.4097	7.3226	7.3226
880	2.8345000000000002	5.025600000000001	5.025600000000001
881	3.1868	2.45735	2.45735
882	3.802	3.6118	3.6118
883	3.3758	3.0856	3.0856
884	3.8821	3.26685	3.26685
885	2.90395	4.255850000000001	4.255850000000001
886	1.7559	3.8147	3.8147
887	3.997	4.0456	4.0456
888	3.0877	2.8257	2.8257
889	3.3983	5.9219	5.9219
890	5.327	2.73815	2.73815
891	4.1709	4.6728	4.6728
892	6.4764	2.15895	2.15895
893	2.7094500000000004	4.383649999999999	4.383649999999999
894	3.9558	2.7235	2.7235
895	3.0175	5.3825	5.3825
896	3.9625000000000004	2.9057	2.9057
897	3.2948	2.0924	2.0924
898	3.1423500000000004	2.9337	2.9337
899	4.265700000000001	3.7437	3.7437
900	3.947	2.4438	2.4438
901	2.4913499999999997	2.6807	2.6807
902	4.024	2.6443	2.6443
903	2.8154500000000002	4.383649999999999	4.383649999999999
904	2.6839	3.9141500000000002	3.9141500000000002
905	3.0958	3.027	3.027
906	3.6651499999999997	4.2293	4.2293
907	3.0626	4.7524999999999995	4.7524999999999995
908	4.26105	4.0017	4.0017
909	4.3184	2.6287000000000003	2.6287000000000003
910	3.0437	2.78385	2.78385
911	4.314500000000001	1.8294	1.8294
912	2.3256	1.2725	1.2725
913	3.346	3.05075	3.05075
914	3.0958	5.5638	5.5638
915	4.66505	4.62345	4.62345
916	6.0194	3.905	3.905
917	3.4402	4.6187	4.6187
918	4.1753	1.5037	1.5037
919	3.6008	5.02935	5.02935
920	3.2048	3.8182	3.8182
921	3.2596499999999997	5.1153	5.1153
922	4.36095	2.7322	2.7322
923	3.7094500000000004	4.2574	4.2574
924	2.7571000000000003	2.146	2.146
925	3.1423500000000004	2.9742	2.9742
926	4.379099999999999	2.78295	2.78295
927	3.30025	2.087	2.087
928	3.3598	2.30015	2.30015
929	3.3131	4.0367	4.0367
930	2.9179	5.5621	5.5621
931	5.5624	2.8293	2.8293
932	3.4067	4.7266	4.7266
933	2.4662499999999996	2.091	2.091
934	2.5229999999999997	0.8406	0.8406
935	3.95145	5.16505	5.16505
936	5.5624	2.82405	2.82405
937	2.94915	2.7863499999999997	2.7863499999999997
938	2.69265	2.1845	2.1845
939	4.425599999999999	5.1883	5.1883
940	2.828	2.629	2.629
941	2.7529500000000002	2.206	2.206
942	1.8233	4.49815	4.49815
943	3.0044	2.1922	2.1922
944	2.8428500000000003	2.4481	2.4481
945	3.2307	2.1275500000000003	2.1275500000000003
946	4.37655	3.2981499999999997	3.2981499999999997
947	4.19395	2.4265	2.4265
948	3.3419	3.58175	3.58175
949	3.5727	5.108750000000001	5.108750000000001
950	4.1919	1.6854	1.6854
951	3.4302	3.0002	3.0002
952	3.374	3.28125	3.28125
953	2.8026999999999997	2.8989000000000003	2.8989000000000003
954	4.362	3.78065	3.78065
955	3.7737999999999996	3.8602	3.8602
956	2.6127000000000002	6.7035	6.7035
957	2.9913	3.19405	3.19405
958	2.9604	4.200950000000001	4.200950000000001
959	2.924	3.1104000000000003	3.1104000000000003
960	7.13965	1.4936500000000001	1.4936500000000001
961	3.03965	4.2345	4.2345
962	3.4733	2.23255	2.23255
963	3.08655	3.3743499999999997	3.3743499999999997
964	4.0172	3.2093	3.2093
965	4.2515	2.6126	2.6126
966	3.8296	3.57015	3.57015
967	3.76165	2.9266	2.9266
968	3.6895	3.08275	3.08275
969	3.82425	3.47105	3.47105
970	3.0624	2.9897	2.9897
971	3.54435	3.0175	3.0175
972	2.5896	3.0406500000000003	3.0406500000000003
973	5.6845	5.44815	5.44815
974	3.7304500000000003	3.8234500000000002	3.8234500000000002
975	2.2114	1.7875999999999999	1.7875999999999999
976	8.24895	3.13025	3.13025
977	3.1035500000000003	5.614	5.614
978	3.86275	2.4047	2.4047
979	5.4665	0.0	0.0
980	3.55675	2.4994	2.4994
981	3.3217499999999998	3.0167	3.0167
982	3.86275	2.4047	2.4047
983	3.5527	2.3274	2.3274
984	3.6658	2.9415	2.9415
985	6.39255	2.9811	2.9811
986	4.79	4.96305	4.96305
987	6.39255	2.9811	2.9811
988	3.10585	4.818	4.818
989	4.015	3.86225	3.86225
990	4.07015	6.5377	6.5377
991	6.39255	2.9811	2.9811
992	4.8567	4.9472	4.9472
993	2.79845	5.59305	5.59305
994	3.3576	2.7647000000000004	2.7647000000000004
995	3.927	2.8866	2.8866
996	3.364	2.8109	2.8109
997	3.112	4.6076	4.6076
998	2.6537	4.3331	4.3331
999	3.78885	2.7788500000000003	2.7788500000000003
1000	1.9908000000000001	5.8944	5.8944
1001	3.77125	3.4166999999999996	3.4166999999999996
1002	3.2133000000000003	3.6681	3.6681
1003	1.93275	3.0955	3.0955
1004	3.1509	2.9644500000000003	2.9644500000000003
1005	3.4966	2.89895	2.89895
1006	3.3009500000000003	4.3104	4.3104
1007	2.9749499999999998	2.57775	2.57775
1008	5.5949	2.8353	2.8353
1009	2.4302	3.35625	3.35625
1010	3.1342	2.90655	2.90655
1011	5.5074	2.83495	2.83495
1012	3.47885	2.6648	2.6648
1013	3.456	2.8613	2.8613
1014	2.9485	2.0708	2.0708
1015	3.2323	4.079	4.079
1016	5.241149999999999	3.9701	3.9701
1017	3.5275	3.5069999999999997	3.5069999999999997
1018	3.5386	6.4314	6.4314
1019	3.7432999999999996	2.8241	2.8241
1020	3.66365	2.7066	2.7066
1021	3.5386	6.4314	6.4314
1022	4.5922	2.0426	2.0426
1023	3.8042	2.75725	2.75725
1024	2.0605	3.569	3.569
1025	3.9709	2.7574	2.7574
1026	5.270300000000001	4.7334499999999995	4.7334499999999995
1027	3.7212	2.997	2.997
1028	6.040850000000001	1.09285	1.09285
1029	2.5474	1.5284	1.5284
1030	6.0194	1.0457	1.0457
1031	2.88635	2.9624	2.9624
1032	5.51095	6.157	6.157
1033	2.846	2.4206	2.4206
1034	3.2835	2.793	2.793
1035	2.7413999999999996	2.4284	2.4284
1036	2.7145	2.7215	2.7215
1037	2.98625	3.3086	3.3086
1038	3.2479	5.451	5.451
1039	4.22315	3.07135	3.07135
1040	5.4788	5.973649999999999	5.973649999999999
1041	3.2479	5.451	5.451
1042	3.1353	2.67725	2.67725
1043	3.2617	3.27175	3.27175
1044	3.0243	2.7392	2.7392
1045	2.2911	2.3729500000000003	2.3729500000000003
1046	3.0243	2.7392	2.7392
1047	5.9248	1.73135	1.73135
1048	3.8037	3.4372	3.4372
1049	3.7727	2.9685	2.9685
1050	4.7447	4.0192499999999995	4.0192499999999995
1051	2.66305	2.71095	2.71095
1052	6.8619	4.00875	4.00875
1053	3.832	2.9249	2.9249
1054	3.46455	5.8604	5.8604
1055	3.9322	2.52515	2.52515
1056	4.4562	1.4505	1.4505
1057	3.1294000000000004	3.1105	3.1105
1058	4.799	3.52575	3.52575
1059	3.819	3.2466	3.2466
1060	4.73265	3.93565	3.93565
1061	3.53625	2.9507000000000003	2.9507000000000003
1062	3.2231	3.0129	3.0129
1063	4.1612	3.4076	3.4076
1064	3.8224	3.31665	3.31665
1065	2.9429999999999996	2.5147	2.5147
1066	3.1194	2.8727	2.8727
1067	3.5396	4.73715	4.73715
1068	2.7340999999999998	2.99975	2.99975
1069	2.7146	4.674	4.674
1070	3.8314	0.0	0.0
1071	4.0087	3.03485	3.03485
1072	2.502	1.9236	1.9236
1073	2.52575	2.55605	2.55605
1074	4.29065	3.03565	3.03565
1075	3.0859	2.6524	2.6524
1076	3.6039	6.878550000000001	6.878550000000001
1077	3.70955	3.97595	3.97595
1078	2.3236	1.3748	1.3748
1079	3.5511	2.7056	2.7056
1080	3.99515	4.4899	4.4899
1081	3.18865	3.33445	3.33445
1082	5.0943	2.2767	2.2767
1083	6.1742	4.0051	4.0051
1084	5.3176	3.3067	3.3067
1085	3.2598000000000003	3.1482	3.1482
1086	6.07715	1.3218	1.3218
1087	5.0169	3.9667	3.9667
1088	6.1003	1.07995	1.07995
1089	2.9947999999999997	3.19585	3.19585
1090	3.65165	3.6723	3.6723
1091	3.3822	3.4905	3.4905
1092	2.6635	3.0113000000000003	3.0113000000000003
1093	6.16045	3.9768	3.9768
1094	2.6285	3.8091	3.8091
1095	5.2574	2.4334	2.4334
1096	2.0243	4.1507000000000005	4.1507000000000005
1097	3.5006	2.7678000000000003	2.7678000000000003
1098	3.3038	3.2711	3.2711
1099	5.2574	2.5167	2.5167
1100	3.58115	2.926	2.926
1101	2.68335	3.2749	3.2749
1102	3.6439	4.093	4.093
1103	1.89225	0.0	0.0
1104	4.242900000000001	3.0759999999999996	3.0759999999999996
1105	3.95905	3.7793	3.7793
1106	3.3971	3.5006	3.5006
1107	3.621	6.7655	6.7655
1108	3.039	2.9734499999999997	2.9734499999999997
1109	5.8777	1.2837	1.2837
1110	6.2297	4.19345	4.19345
1111	3.5813	2.3324499999999997	2.3324499999999997
1112	3.5036	2.60915	2.60915
1113	1.9448	3.5339	3.5339
1114	5.12135	5.0562000000000005	5.0562000000000005
1115	4.109349999999999	2.9814	2.9814
1116	3.1756	2.9062	2.9062
1117	4.981199999999999	4.31555	4.31555
1118	3.6904000000000003	3.2414	3.2414
1119	3.2312000000000003	2.1446	2.1446
1120	2.6799	3.35085	3.35085
1121	4.484	3.6406	3.6406
1122	2.9928	3.9105	3.9105
1123	2.8497	3.43335	3.43335
1124	6.3376	4.402749999999999	4.402749999999999
1125	3.8881500000000004	2.93875	2.93875
1126	5.396750000000001	3.14805	3.14805
1127	3.32295	2.93655	2.93655
1128	4.2232	3.11375	3.11375
1129	4.97445	3.6296999999999997	3.6296999999999997
1130	3.58795	4.3984	4.3984
1131	2.5707	3.16545	3.16545
1132	3.0706499999999997	2.55205	2.55205
1133	2.60195	2.72425	2.72425
1134	2.28255	5.1981	5.1981
1135	4.3284	4.0514	4.0514
1136	2.8698	2.4122000000000003	2.4122000000000003
1137	3.84685	2.8017	2.8017
1138	2.26325	0.0	0.0
1139	4.0741	0.0	0.0
1140	3.68475	4.4726	4.4726
1141	3.48065	4.0428	4.0428
1142	2.96725	3.07655	3.07655
1143	3.60625	0.0	0.0
1144	4.430149999999999	3.1566	3.1566
1145	3.3827499999999997	5.0906	5.0906
1146	1.7974	1.68825	1.68825
1147	3.3286	2.4302	2.4302
1148	3.7467499999999996	3.0442	3.0442
1149	3.4355	2.7947499999999996	2.7947499999999996
1150	2.9933	2.7397	2.7397
1151	3.7467499999999996	3.04615	3.04615
1152	2.42525	1.7822	1.7822
1153	3.1809	3.07185	3.07185
1154	3.3122	3.2307	3.2307
1155	3.54975	2.56025	2.56025
1156	2.8223000000000003	4.9169	4.9169
1157	2.0758	2.94365	2.94365
1158	4.2571	3.34165	3.34165
1159	3.283	4.00565	4.00565
1160	2.7769	2.52875	2.52875
1161	4.1871	3.74115	3.74115
1162	2.3623000000000003	2.3733	2.3733
1163	3.0492	3.98645	3.98645
1164	2.8429	3.5585	3.5585
1165	2.65955	5.0244	5.0244
1166	3.0492	3.98645	3.98645
1167	4.72635	6.1159	6.1159
1168	4.2322500000000005	3.4941500000000003	3.4941500000000003
1169	4.0668500000000005	4.8388	4.8388
1170	3.5347	3.77015	3.77015
1171	4.3183	4.4756	4.4756
1172	3.7306	2.60815	2.60815
1173	4.1322	3.6088500000000003	3.6088500000000003
1174	3.1197999999999997	3.9979	3.9979
1175	3.7103	3.6014	3.6014
1176	2.6635	2.5728	2.5728
1177	4.22625	4.4392	4.4392
1178	3.7995	3.3752	3.3752
1179	2.99	5.4828	5.4828
1180	3.58645	2.61705	2.61705
1181	4.22625	4.446400000000001	4.446400000000001
1182	2.55885	2.1868	2.1868
1183	4.69555	6.1159	6.1159
1184	2.8388	3.476	3.476
1185	5.5482	5.60025	5.60025
1186	4.6312	6.17875	6.17875
1187	4.215	3.66775	3.66775
1188	2.9294	4.00515	4.00515
1189	3.3222	2.2818500000000004	2.2818500000000004
1190	3.31535	2.7759	2.7759
1191	3.0452500000000002	2.9589499999999997	2.9589499999999997
1192	3.5311	2.9533	2.9533
1193	7.20185	2.8306	2.8306
1194	4.1798	2.5100499999999997	2.5100499999999997
1195	2.6488	3.5622	3.5622
1196	3.4151499999999997	3.1852	3.1852
1197	3.55715	3.0236	3.0236
1198	4.6122	5.747999999999999	5.747999999999999
1199	4.6207	5.74135	5.74135
1200	2.4968000000000004	1.5406499999999999	1.5406499999999999
1201	4.0680499999999995	4.0474	4.0474
1202	6.3542	2.6721	2.6721
1203	4.05905	5.3055	5.3055
1204	2.6237000000000004	3.5962	3.5962
1205	2.86745	2.8451	2.8451
1206	4.89075	2.9207	2.9207
1207	3.205	2.6298500000000002	2.6298500000000002
1208	4.069599999999999	5.3055	5.3055
1209	4.79865	3.64685	3.64685
1210	2.7139	3.9139	3.9139
1211	3.6357	2.3079	2.3079
1212	3.8802000000000003	2.9866	2.9866
1213	4.4967	3.4901	3.4901
1214	2.8299	2.5888	2.5888
1215	3.8472999999999997	3.1184	3.1184
1216	3.0530999999999997	4.616	4.616
1217	3.17795	2.7989	2.7989
1218	3.2013	3.53355	3.53355
1219	3.6458	3.41835	3.41835
1220	2.4088	1.5535	1.5535
1221	4.3101	3.64405	3.64405
1222	2.3132	2.8768	2.8768
1223	0.0	2.1586499999999997	2.1586499999999997
1224	4.4639	2.81635	2.81635
1225	3.2121	3.5735	3.5735
1226	3.5498	1.6144	1.6144
1227	3.6452	3.3805	3.3805
1228	3.0132000000000003	2.8057	2.8057
1229	3.2786	2.54695	2.54695
1230	4.419549999999999	2.8158000000000003	2.8158000000000003
1231	4.10705	4.08465	4.08465
1232	3.9013	4.839650000000001	4.839650000000001
1233	3.6186	3.4696	3.4696
1234	4.7418	4.847899999999999	4.847899999999999
1235	3.8470000000000004	2.67725	2.67725
1236	4.4919	5.8085	5.8085
1237	2.4595000000000002	3.9282	3.9282
1238	3.3226	2.0631500000000003	2.0631500000000003
1239	4.1948	3.6250999999999998	3.6250999999999998
1240	2.7986000000000004	1.58955	1.58955
1241	3.85205	4.2762	4.2762
1242	5.0993	3.4714	3.4714
1243	3.6586	3.47645	3.47645
1244	3.3606	2.9197	2.9197
1245	2.7293	2.1174	2.1174
1246	5.0995	3.7724	3.7724
1247	3.5231000000000003	3.6099	3.6099
1248	5.0995	3.7724	3.7724
1249	3.8686	5.059699999999999	5.059699999999999
1250	2.7877	4.2481	4.2481
1251	7.0913	4.5692	4.5692
1252	3.6317000000000004	4.045249999999999	4.045249999999999
1253	3.1626	2.5623	2.5623
1254	2.87965	3.2847	3.2847
1255	2.3151	2.44705	2.44705
1256	3.9222	1.43625	1.43625
1257	4.9423	2.8264	2.8264
1258	4.421	2.8162	2.8162
1259	1.8817	1.132	1.132
1260	0.0	0.0	0.0
1261	3.3428500000000003	3.5261	3.5261
1262	4.05265	3.1566	3.1566
1263	3.1786	3.8659	3.8659
1264	4.258	3.5732	3.5732
1265	7.25225	4.5692	4.5692
1266	7.25225	4.5692	4.5692
1267	2.6338	2.6801	2.6801
1268	3.4471	4.1614	4.1614
1269	2.2517	2.3397	2.3397
1270	4.1129	2.3626	2.3626
1271	2.89025	2.67995	2.67995
1272	4.2811	3.1442	3.1442
1273	2.7360499999999996	3.0031499999999998	3.0031499999999998
1274	3.68565	3.3844	3.3844
1275	4.0644	2.495	2.495
1276	4.2768	3.9372499999999997	3.9372499999999997
1277	2.6259	2.863	2.863
1278	4.3736999999999995	2.9993499999999997	2.9993499999999997
1279	4.313549999999999	3.8359	3.8359
1280	3.2366	2.9448	2.9448
1281	4.3607	6.6193	6.6193
1282	2.5755	2.6204	2.6204
1283	3.93565	2.5784	2.5784
1284	3.7672	2.8198	2.8198
1285	2.3174	3.0067500000000003	3.0067500000000003
1286	4.45955	6.1914	6.1914
1287	4.6404499999999995	5.6089	5.6089
1288	4.50375	4.3718	4.3718
1289	2.8399	3.1013	3.1013
1290	3.2590500000000002	3.1157	3.1157
1291	3.3391	2.91485	2.91485
1292	5.00655	0.0	0.0
1293	5.2624	3.0701	3.0701
1294	3.1804	2.7424	2.7424
1295	3.0915	2.4375	2.4375
1296	4.1466	3.499	3.499
1297	3.17305	4.4521999999999995	4.4521999999999995
1298	3.54385	4.84135	4.84135
1299	4.38605	3.1263	3.1263
1300	2.9503	2.0091	2.0091
1301	1.8387	1.23685	1.23685
1302	1.75525	1.43485	1.43485
1303	3.1809	2.7799	2.7799
1304	4.38605	3.1202	3.1202
1305	3.4354	3.0959000000000003	3.0959000000000003
1306	3.0379	4.1525	4.1525
1307	2.6172	3.4392	3.4392
1308	3.91775	3.4077	3.4077
1309	3.5847	2.75705	2.75705
1310	3.7061	1.63575	1.63575
1311	3.0332	2.3472999999999997	2.3472999999999997
1312	3.7793	4.4565	4.4565
1313	0.0	0.0	0.0
1314	3.7239500000000003	2.73815	2.73815
1315	2.6714	3.1247	3.1247
1316	4.1479	4.0755	4.0755
1317	3.3856	3.06095	3.06095
1318	2.5558	2.9414	2.9414
1319	3.2144	3.8872999999999998	3.8872999999999998
1320	3.5375	2.5202	2.5202
1321	2.8888499999999997	2.211	2.211
1322	4.1325	4.3149	4.3149
1323	3.74595	1.8917	1.8917
1324	3.3502	5.68835	5.68835
1325	5.3365	3.8179	3.8179
1326	3.1578	3.021	3.021
1327	2.9681	3.1629500000000004	3.1629500000000004
1328	3.4747500000000002	0.90135	0.90135
1329	2.65925	3.369	3.369
1330	3.41545	5.621499999999999	5.621499999999999
1331	2.7272	2.2679	2.2679
1332	2.6971	2.69695	2.69695
1333	2.6547	4.0074	4.0074
1334	4.2524999999999995	6.705	6.705
1335	3.7285500000000003	4.583600000000001	4.583600000000001
1336	4.0557	2.8837	2.8837
1337	6.0318	3.57975	3.57975
1338	2.9095	3.2836	3.2836
1339	1.23455	3.23645	3.23645
1340	3.7728	2.2158	2.2158
1341	3.9376	6.6985	6.6985
1342	3.1264	1.83465	1.83465
1343	4.0557	2.7449500000000002	2.7449500000000002
1344	3.67755	4.3191500000000005	4.3191500000000005
1345	5.1345	4.0043500000000005	4.0043500000000005
1346	2.7934	3.25075	3.25075
1347	3.3352	4.15705	4.15705
1348	5.64985	3.1765	3.1765
1349	2.9933	2.5284	2.5284
1350	5.7855	8.00385	8.00385
1351	2.0817	1.6611500000000001	1.6611500000000001
1352	3.2546999999999997	2.333	2.333
1353	6.00755	3.7475	3.7475
1354	2.9901999999999997	3.7436	3.7436
1355	3.47205	4.0503	4.0503
1356	3.92265	1.6274	1.6274
1357	1.69855	3.5494	3.5494
1358	3.781	2.71615	2.71615
1359	3.49555	6.83425	6.83425
1360	6.0859000000000005	3.8057499999999997	3.8057499999999997
1361	0.0	0.0	0.0
1362	3.2657499999999997	3.0231000000000003	3.0231000000000003
1363	4.2618	3.1253	3.1253
1364	2.5816	3.1576	3.1576
1365	4.0762	4.30695	4.30695
1366	2.76695	2.92525	2.92525
1367	3.4916	3.3842999999999996	3.3842999999999996
1368	3.9462	3.668	3.668
1369	2.4083	3.5621	3.5621
1370	2.3682	3.00095	3.00095
1371	3.12995	3.104	3.104
1372	2.743	2.1069	2.1069
1373	3.7779	2.76755	2.76755
1374	0.0	0.0	0.0
1375	6.7848	4.4798	4.4798
1376	4.46175	5.82105	5.82105
1377	4.485250000000001	3.40785	3.40785
1378	3.2102	2.1707	2.1707
1379	4.16605	3.4472	3.4472
1380	3.5328	3.14935	3.14935
1381	4.2836	0.82035	0.82035
1382	3.2332	3.51675	3.51675
1383	3.9080500000000002	1.6019	1.6019
1384	3.1149	2.561	2.561
1385	3.2464500000000003	2.7142	2.7142
1386	3.28515	2.0375	2.0375
1387	2.3584	5.10905	5.10905
1388	2.3428	1.9881000000000002	1.9881000000000002
1389	3.2171	3.0813	3.0813
1390	3.35295	3.2796	3.2796
1391	4.1221	3.5952	3.5952
1392	3.4392500000000004	2.5507	2.5507
1393	3.17225	2.7226	2.7226
1394	3.1378	3.03735	3.03735
1395	3.6218000000000004	4.8408	4.8408
1396	3.253	3.2278	3.2278
1397	3.2996499999999997	3.3379	3.3379
1398	3.07305	1.7248	1.7248
1399	0.0	0.0	0.0
1400	4.6324	4.3435500000000005	4.3435500000000005
1401	3.3601	3.5684	3.5684
1402	2.7697	2.2649	2.2649
1403	2.652	3.3731999999999998	3.3731999999999998
1404	2.1641500000000002	1.4167	1.4167
1405	2.6618500000000003	3.3731999999999998	3.3731999999999998
1406	2.894	3.10395	3.10395
1407	3.6662	3.5762	3.5762
1408	1.85005	4.6239	4.6239
1409	3.78875	4.0028	4.0028
1410	3.7906	1.5247	1.5247
1411	3.1609499999999997	4.3995999999999995	4.3995999999999995
1412	1.84225	4.6215	4.6215
1413	4.553	3.6891499999999997	3.6891499999999997
1414	3.53	0.0	0.0
1415	2.73435	5.2742	5.2742
1416	4.39375	4.05125	4.05125
1417	3.6362	3.62835	3.62835
1418	3.9515000000000002	3.471	3.471
1419	3.4342	0.8130499999999999	0.8130499999999999
1420	3.3902	3.4795	3.4795
1421	3.7481999999999998	1.5248	1.5248
1422	3.4709	3.346	3.346
1423	3.8288	0.0	0.0
1424	3.05905	2.10705	2.10705
1425	3.8144	2.19185	2.19185
1426	3.6346499999999997	0.0	0.0
1427	3.5892	3.4384	3.4384
1428	3.49355	3.0952	3.0952
1429	3.6118	1.13335	1.13335
1430	3.2174	3.9293	3.9293
1431	3.8471	2.1099	2.1099
1432	4.34515	4.105	4.105
1433	3.56305	4.2264	4.2264
1434	1.0691	3.2943	3.2943
1435	3.03655	3.15755	3.15755
1436	3.1364	3.7777000000000003	3.7777000000000003
1437	4.29795	3.1032	3.1032
1438	2.3689	1.5304	1.5304
1439	3.65235	5.0729	5.0729
1440	3.0394	2.9524	2.9524
1441	3.58695	3.2723	3.2723
1442	1.1024	3.2943	3.2943
1443	2.9599	2.1131	2.1131
1444	4.5575	3.77735	3.77735
1445	3.3981500000000002	2.6756	2.6756
1446	3.53395	4.94475	4.94475
1447	1.76085	1.0983	1.0983
1448	4.58735	3.6378500000000003	3.6378500000000003
1449	2.80465	6.94175	6.94175
1450	3.168	3.0000999999999998	3.0000999999999998
1451	2.93355	3.7221	3.7221
1452	2.6902999999999997	3.4577	3.4577
1453	2.7029500000000004	2.817	2.817
1454	3.3624	4.2457	4.2457
1455	3.54095	4.996700000000001	4.996700000000001
1456	2.3828500000000004	5.055350000000001	5.055350000000001
1457	2.3588	4.352	4.352
1458	4.34645	3.0086	3.0086
1459	4.39845	1.5727	1.5727
1460	3.60755	3.2471	3.2471
1461	3.8977	4.71505	4.71505
1462	1.0450499999999998	1.3401	1.3401
1463	2.4722	6.8633	6.8633
1464	3.2663	4.670400000000001	4.670400000000001
1465	2.45205	2.1774	2.1774
1466	3.9418	4.68745	4.68745
1467	2.4573	2.4112999999999998	2.4112999999999998
1468	2.1708	4.2212	4.2212
1469	3.3324	2.8543000000000003	2.8543000000000003
1470	4.17075	4.6929	4.6929
1471	3.70215	3.151	3.151
1472	3.0328	3.7968	3.7968
1473	4.8119	2.9759	2.9759
1474	2.3836	4.1638	4.1638
1475	3.2839	2.43325	2.43325
1476	2.4674	5.54535	5.54535
1477	2.1708	4.2212	4.2212
1478	3.04235	3.0554	3.0554
1479	2.9542	3.1033	3.1033
1480	6.8095	3.54535	3.54535
1481	4.1731	3.0326	3.0326
1482	4.05875	3.8764	3.8764
1483	2.33355	3.2861	3.2861
1484	3.5036500000000004	2.6205	2.6205
1485	2.8607500000000003	3.8318	3.8318
1486	2.7516	4.722200000000001	4.722200000000001
1487	2.9417	2.1979	2.1979
1488	4.4858	1.6023	1.6023
1489	3.3533	4.42425	4.42425
1490	2.3947	3.3625999999999996	3.3625999999999996
1491	2.9372	3.3961	3.3961
1492	4.05875	3.8764	3.8764
1493	3.5782	5.089	5.089
1494	3.3269	3.34545	3.34545
1495	5.26745	2.59025	2.59025
1496	2.9975	2.73025	2.73025
1497	5.26745	2.59025	2.59025
1498	3.1017	2.3141	2.3141
1499	2.0933	2.24855	2.24855
1500	4.2701	2.9691	2.9691
1501	2.6404	3.6564	3.6564
1502	3.56865	2.8058	2.8058
1503	7.0758	5.08875	5.08875
1504	3.3869	4.1498	4.1498
1505	2.43815	2.3000499999999997	2.3000499999999997
1506	1.4547	2.4827	2.4827
1507	3.0298999999999996	2.58305	2.58305
1508	3.1639	4.0167	4.0167
1509	2.6404	3.6634	3.6634
1510	3.2215	3.5415	3.5415
1511	2.5146	3.7613	3.7613
1512	3.4743	2.76485	2.76485
1513	2.70505	2.5337	2.5337
1514	3.2184	2.9907500000000002	2.9907500000000002
1515	3.49785	5.2825	5.2825
1516	2.9177	2.5436	2.5436
1517	3.2184	2.9389	2.9389
1518	2.8679	2.299	2.299
1519	4.33795	2.99445	2.99445
1520	2.9686	3.4909	3.4909
1521	3.2913	3.14745	3.14745
1522	2.5321499999999997	0.9291	0.9291
1523	2.95385	3.59225	3.59225
1524	2.9238999999999997	0.0	0.0
1525	2.4238	2.3232	2.3232
1526	2.55495	2.1143	2.1143
1527	2.9719	2.55	2.55
1528	4.6618	5.0173	5.0173
1529	4.74045	2.9303	2.9303
1530	3.156	2.6469	2.6469
1531	3.61355	3.3015499999999998	3.3015499999999998
1532	1.9800499999999999	3.27815	3.27815
1533	4.0735	3.19735	3.19735
1534	3.7548500000000002	0.83225	0.83225
1535	2.62405	3.1497	3.1497
1536	2.8682499999999997	4.4816	4.4816
1537	2.2753	6.1438	6.1438
1538	2.96225	4.71205	4.71205
1539	4.8198	3.1593999999999998	3.1593999999999998
1540	2.17585	3.5903	3.5903
1541	1.80625	4.4128	4.4128
1542	2.81215	2.4092	2.4092
1543	3.09145	2.5178000000000003	2.5178000000000003
1544	3.4103	3.9347	3.9347
1545	2.8782	4.4068	4.4068
1546	3.6698	4.3022	4.3022
1547	4.31185	5.7831	5.7831
1548	2.9719	2.55	2.55
1549	2.6634	3.8519	3.8519
1550	4.98465	1.4633	1.4633
1551	3.1604	4.2971	4.2971
1552	3.4005	3.4473	3.4473
1553	4.1723	4.74495	4.74495
1554	3.5911	2.9982	2.9982
1555	3.2198	2.0741	2.0741
1556	4.8041	3.74295	3.74295
1557	3.20115	1.79465	1.79465
1558	3.1604	4.2971	4.2971
1559	4.3291	2.5932	2.5932
1560	2.77665	2.6765	2.6765
1561	3.8406000000000002	6.157	6.157
1562	3.13755	2.2624000000000004	2.2624000000000004
1563	1.95335	4.22015	4.22015
1564	1.9097499999999998	2.68865	2.68865
1565	1.7526	2.49735	2.49735
1566	3.1732	3.42865	3.42865
1567	3.6194	2.9831	2.9831
1568	4.6875	2.7277	2.7277
1569	2.6402	5.6587	5.6587
1570	4.802099999999999	3.0065	3.0065
1571	4.18245	2.84215	2.84215
1572	4.560499999999999	2.7048	2.7048
1573	2.1588	2.3339	2.3339
1574	1.0943	2.5745	2.5745
1575	2.99695	2.4766	2.4766
1576	2.5789	1.16435	1.16435
1577	4.3856	2.5792	2.5792
1578	4.19275	5.67	5.67
1579	2.1296	1.9466999999999999	1.9466999999999999
1580	3.5627000000000004	0.0	0.0
1581	2.1583	3.6506	3.6506
1582	2.2809	3.3362499999999997	3.3362499999999997
1583	2.167	2.2541	2.2541
1584	4.84215	3.41425	3.41425
1585	4.3706	2.1775	2.1775
1586	3.11805	3.0402	3.0402
1587	3.6618	2.4233000000000002	2.4233000000000002
1588	1.7171	0.7828	0.7828
1589	2.3592	0.5549999999999999	0.5549999999999999
1590	1.6451	1.3494	1.3494
1591	1.4838	1.7358500000000001	1.7358500000000001
1592	2.9056	4.3441	4.3441
1593	3.77965	1.5715	1.5715
1594	3.3041	3.02865	3.02865
1595	2.752	2.2821	2.2821
1596	3.8519	4.0441	4.0441
1597	5.1194	5.5427	5.5427
1598	3.9295	3.496	3.496
1599	5.12	2.6223	2.6223
1600	3.59725	2.075	2.075
1601	0.0	4.2556	4.2556
1602	4.0981000000000005	3.096	3.096
1603	2.2038	2.8931	2.8931
1604	3.4735	4.3492	4.3492
1605	2.81465	4.5089500000000005	4.5089500000000005
1606	2.5182	3.2388000000000003	3.2388000000000003
1607	2.5623	1.58615	1.58615
1608	3.6569	5.2119	5.2119
1609	3.4019	4.40865	4.40865
1610	2.98635	1.8756	1.8756
1611	4.6255500000000005	3.4605	3.4605
1612	4.229	6.081049999999999	6.081049999999999
1613	3.1553	1.70265	1.70265
1614	2.1713	3.598	3.598
1615	2.22335	0.9714	0.9714
1616	3.33525	3.4175500000000003	3.4175500000000003
1617	2.7013	2.4751	2.4751
1618	3.39995	1.4581	1.4581
1619	2.5884	1.6895	1.6895
1620	0.0	0.0	0.0
1621	2.6793	6.103899999999999	6.103899999999999
1622	4.402200000000001	0.0	0.0
1623	2.2082	2.57905	2.57905
1624	4.9347	3.4605	3.4605
1625	3.09585	3.62365	3.62365
1626	3.5632	4.06735	4.06735
1627	3.5773	2.7940500000000004	2.7940500000000004
1628	3.3230500000000003	3.4526000000000003	3.4526000000000003
1629	4.3492	0.0	0.0
1630	4.64895	4.2853	4.2853
1631	3.153	3.24335	3.24335
1632	4.4148	0.0	0.0
1633	3.7196	5.2329	5.2329
1634	3.3921	3.4389	3.4389
1635	4.55325	0.0	0.0
1636	0.0	0.0	0.0
1637	2.2691	2.2911	2.2911
1638	3.8455	2.5763	2.5763
1639	3.02515	2.3089	2.3089
1640	3.3791	3.5337	3.5337
1641	2.4215	3.0046	3.0046
1642	3.1276	5.12645	5.12645
1643	3.7817499999999997	4.4583	4.4583
1644	3.3445	3.5657	3.5657
1645	5.05185	5.40845	5.40845
1646	3.2306	2.70855	2.70855
1647	4.7132	3.7663	3.7663
1648	4.06415	4.6202	4.6202
1649	3.4728	1.6562999999999999	1.6562999999999999
1650	1.7006	2.8415	2.8415
1651	2.5444	3.30445	3.30445
1652	1.4174	2.8328	2.8328
1653	3.79655	2.4698	2.4698
1654	2.31475	1.9521	1.9521
1655	2.6353	2.1152	2.1152
1656	3.0816	3.0527	3.0527
1657	4.4783	3.36165	3.36165
1658	4.8083	0.14115	0.14115
1659	5.9629	1.7299	1.7299
1660	2.6591	3.1467	3.1467
1661	4.82055	2.327	2.327
1662	4.3950499999999995	5.3186	5.3186
1663	3.5553	1.0383499999999999	1.0383499999999999
1664	4.82055	2.3369	2.3369
1665	1.5885	0.0	0.0
1666	3.2482499999999996	3.0868	3.0868
1667	3.0031499999999998	4.9514	4.9514
1668	4.259	3.09345	3.09345
1669	2.63605	1.4399	1.4399
1670	2.83265	4.79095	4.79095
1671	2.9761	2.96765	2.96765
1672	3.82055	2.8212	2.8212
1673	2.6529499999999997	1.4484	1.4484
1674	3.2491000000000003	2.8988	2.8988
1675	2.9983	2.4449	2.4449
1676	2.4299999999999997	3.5	3.5
1677	3.9288	3.7108	3.7108
1678	4.80255	4.6262	4.6262
1679	3.3787	0.0	0.0
1680	4.00775	3.75995	3.75995
1681	4.1274	2.2271	2.2271
1682	3.10535	3.3747499999999997	3.3747499999999997
1683	3.2321999999999997	1.0473	1.0473
1684	3.1606	4.13955	4.13955
1685	2.42415	1.68205	1.68205
1686	2.70925	3.3215500000000002	3.3215500000000002
1687	3.6709	2.6571499999999997	2.6571499999999997
1688	5.8338	3.11275	3.11275
1689	4.28215	4.606	4.606
1690	3.15425	4.02125	4.02125
1691	3.1363	2.6169000000000002	2.6169000000000002
1692	4.4332	4.0316	4.0316
1693	4.096	1.5374	1.5374
1694	2.846	2.6283000000000003	2.6283000000000003
1695	2.1798	1.9317	1.9317
1696	0.6212	0.0	0.0
1697	3.00955	3.6148	3.6148
1698	5.70875	4.05985	4.05985
1699	3.02765	1.7572999999999999	1.7572999999999999
1700	1.7913999999999999	0.0	0.0
1701	4.148350000000001	3.4189	3.4189
1702	3.8581000000000003	3.3999	3.3999
1703	3.3929	3.6995	3.6995
1704	0.0	6.6004	6.6004
1705	2.7204	2.9171	2.9171
1706	3.8213	1.3342999999999998	1.3342999999999998
1707	3.3019499999999997	3.0877	3.0877
1708	2.1821	2.97875	2.97875
1709	3.7725999999999997	5.5121	5.5121
1710	3.06425	2.3647	2.3647
1711	2.6406	3.886	3.886
1712	2.61965	3.216	3.216
1713	2.9478	2.5848	2.5848
1714	3.76075	4.0005500000000005	4.0005500000000005
1715	3.3858	2.08205	2.08205
1716	2.2365	0.73765	0.73765
1717	4.3112	3.0068	3.0068
1718	3.1982	2.7496	2.7496
1719	3.7971	5.5097000000000005	5.5097000000000005
1720	0.0	0.1817	0.1817
1721	5.5079	0.0	0.0
1722	2.8309	3.9613500000000004	3.9613500000000004
1723	2.5126	4.28195	4.28195
1724	3.3541	1.7219	1.7219
1725	2.2263	1.81075	1.81075
1726	3.48755	5.8068	5.8068
1727	3.995	5.602	5.602
1728	3.27435	3.85515	3.85515
1729	3.50305	0.7882	0.7882
1730	3.0941	4.4819	4.4819
1731	2.60365	2.2683999999999997	2.2683999999999997
1732	3.15135	3.302	3.302
1733	2.4767	0.5904	0.5904
1734	2.8123500000000003	2.25415	2.25415
1735	3.011	3.3878	3.3878
1736	2.7299	1.87675	1.87675
1737	3.5424	1.1763	1.1763
1738	3.4032999999999998	1.7126000000000001	1.7126000000000001
1739	3.7894	3.7616500000000004	3.7616500000000004
1740	4.7176	3.8179499999999997	3.8179499999999997
1741	3.515	0.0	0.0
1742	2.59	2.15085	2.15085
1743	2.1270499999999997	4.583600000000001	4.583600000000001
1744	3.8356	2.7862	2.7862
1745	2.8666	0.0	0.0
1746	2.4147499999999997	1.6587	1.6587
1747	2.4021	2.8713	2.8713
1748	3.1323	2.71655	2.71655
1749	2.8517	3.09155	3.09155
1750	4.01585	1.6077	1.6077
1751	0.9084	0.0	0.0
1752	2.1883999999999997	2.8592	2.8592
1753	0.0	6.7667	6.7667
1754	2.0768	3.7045000000000003	3.7045000000000003
1755	4.0218	2.4219	2.4219
1756	2.1927	2.4193	2.4193
1757	0.6557	3.1665	3.1665
1758	2.9306	1.0688	1.0688
1759	3.2279999999999998	3.5557	3.5557
1760	3.7897999999999996	2.1021	2.1021
1761	3.0968	2.956	2.956
1762	4.043	3.1188000000000002	3.1188000000000002
1763	3.4932499999999997	3.2426	3.2426
1764	3.3192	3.4238	3.4238
1765	3.3978	4.3537	4.3537
1766	4.4527	5.8127	5.8127
1767	2.2231	3.0262000000000002	3.0262000000000002
1768	3.3663	3.50935	3.50935
1769	2.91555	2.0506	2.0506
1770	4.18215	2.1673	2.1673
1771	1.4332	0.0	0.0
1772	4.5447	6.3336500000000004	6.3336500000000004
1773	3.4474	4.3525	4.3525
1774	1.96095	3.0562	3.0562
1775	3.2551	2.5364	2.5364
1776	4.32305	0.0	0.0
1777	2.70865	2.7835	2.7835
1778	3.8929	3.89555	3.89555
1779	2.5890500000000003	3.3747	3.3747
1780	4.4314	0.0	0.0
1781	3.5084	3.01355	3.01355
1782	4.10975	0.8991	0.8991
1783	3.2167	2.5106	2.5106
1784	2.2122	3.2544	3.2544
1785	3.4722	2.8749	2.8749
1786	5.33165	5.599349999999999	5.599349999999999
1787	3.4928	2.0534499999999998	2.0534499999999998
1788	5.1853	5.46335	5.46335
1789	2.2278000000000002	3.2337	3.2337
1790	3.0206	1.6853	1.6853
1791	2.8438499999999998	2.87575	2.87575
1792	3.4928	2.0534499999999998	2.0534499999999998
1793	3.50885	3.73025	3.73025
1794	3.01505	1.3697	1.3697
1795	1.7683	5.1551	5.1551
1796	3.502	3.3711	3.3711
1797	2.5131	3.2557	3.2557
1798	5.619999999999999	2.6071	2.6071
1799	4.0647	1.1909999999999998	1.1909999999999998
1800	3.5798500000000004	1.61885	1.61885
1801	2.917	2.2713	2.2713
1802	0.0	6.098	6.098
1803	2.87225	2.7385	2.7385
1804	3.5276	3.5279	3.5279
1805	3.3358999999999996	0.36575	0.36575
1806	0.0	0.0	0.0
1807	2.6679	1.7728	1.7728
1808	3.7836	2.75985	2.75985
1809	2.53	4.730499999999999	4.730499999999999
1810	0.0	0.0	0.0
1811	3.0019	1.7895	1.7895
1812	3.8772	4.2836	4.2836
1813	3.4644	3.462	3.462
1814	3.0165	3.142	3.142
1815	0.0	5.3042	5.3042
1816	2.5731	3.5043	3.5043
1817	2.8161	2.9279	2.9279
1818	3.1575	3.7467	3.7467
1819	3.4422	3.5139	3.5139
1820	2.09255	2.5403	2.5403
1821	3.6159	2.8853	2.8853
1822	2.8748	1.6194	1.6194
1823	2.85555	5.52405	5.52405
1824	1.3992	6.1569	6.1569
1825	3.9554	4.4801	4.4801
1826	2.3773	3.0168	3.0168
1827	3.6309	2.8044000000000002	2.8044000000000002
1828	4.373150000000001	1.8066	1.8066
1829	4.289899999999999	3.9255	3.9255
1830	3.0963000000000003	4.2825500000000005	4.2825500000000005
1831	2.903	2.2989	2.2989
1832	2.01675	5.8466	5.8466
1833	2.81335	2.84125	2.84125
1834	1.2485	2.9029499999999997	2.9029499999999997
1835	0.2343	0.0	0.0
1836	2.5188	3.4581	3.4581
1837	3.7748999999999997	3.4485	3.4485
1838	3.2683	3.1938	3.1938
1839	2.4985	3.02425	3.02425
1840	2.7333	1.6883	1.6883
1841	3.94135	1.4481	1.4481
1842	3.30585	2.7586	2.7586
1843	5.1919	3.4586	3.4586
1844	2.8152	3.2104	3.2104
1845	2.0783	0.0	0.0
1846	5.087400000000001	3.267	3.267
1847	2.6241	2.8084	2.8084
1848	3.8458	2.6029	2.6029
1849	3.6206	2.51035	2.51035
1850	2.6897	6.8515	6.8515
1851	4.7768	0.0	0.0
1852	5.5555	3.5556	3.5556
1853	3.21845	0.8407	0.8407
1854	5.5555	3.5556	3.5556
1855	2.7526	2.12225	2.12225
1856	2.7318	1.3522500000000002	1.3522500000000002
1857	3.3560499999999998	0.0	0.0
1858	2.7749	2.6074	2.6074
1859	0.0	0.0	0.0
1860	3.7720000000000002	3.03995	3.03995
1861	3.33725	0.52545	0.52545
1862	3.62255	1.10655	1.10655
1863	7.1831	3.726	3.726
1864	3.66025	1.94255	1.94255
1865	2.26865	3.3043	3.3043
1866	0.0	5.6257	5.6257
1867	3.66905	1.9417499999999999	1.9417499999999999
1868	3.2147	5.3957	5.3957
1869	2.7558	3.45945	3.45945
1870	2.987	3.3869	3.3869
1871	2.49825	2.2981	2.2981
1872	2.7454	4.4171	4.4171
1873	4.7975	3.6117	3.6117
1874	2.2143	3.1109999999999998	3.1109999999999998
1875	4.4094	1.7491	1.7491
1876	4.53415	1.8896	1.8896
1877	1.3879	3.8571	3.8571
1878	1.6163500000000002	3.4415	3.4415
1879	0.0	0.0	0.0
1880	1.5911499999999998	2.6951	2.6951
1881	3.5313499999999998	3.2081	3.2081
1882	3.8194	1.5459999999999998	1.5459999999999998
1883	1.62595	0.0	0.0
1884	2.9989	3.5256	3.5256
1885	3.2066999999999997	5.5929	5.5929
1886	4.4803	6.0011	6.0011
1887	3.807	3.2	3.2
1888	5.5122	2.08685	2.08685
1889	3.0900499999999997	4.3933	4.3933
1890	2.3292	1.6234000000000002	1.6234000000000002
1891	2.01995	1.48485	1.48485
1892	3.7764	1.50925	1.50925
1893	5.33645	1.3195999999999999	1.3195999999999999
1894	4.76495	2.8526	2.8526
1895	2.4054	1.9312	1.9312
1896	2.8507	1.9712	1.9712
1897	2.4836	2.9702	2.9702
1898	1.9328500000000002	5.5887	5.5887
1899	2.7641	4.6378	4.6378
1900	4.5301	4.0294	4.0294
1901	2.5106	1.21185	1.21185
1902	3.81115	4.8125	4.8125
1903	3.42245	4.0648	4.0648
1904	2.7543	1.4325	1.4325
1905	0.0	0.0	0.0
1906	2.9587000000000003	2.9065	2.9065
1907	1.70715	3.9849	3.9849
1908	2.6313	2.3168	2.3168
1909	4.3071	3.4071	3.4071
1910	4.35055	3.5405499999999996	3.5405499999999996
1911	5.8218	2.6563999999999997	2.6563999999999997
1912	3.7725999999999997	5.7814	5.7814
1913	2.83275	2.6385	2.6385
1914	2.9747	3.1133	3.1133
1915	3.6250999999999998	6.5459	6.5459
1916	3.3989	3.6620999999999997	3.6620999999999997
1917	2.82735	3.28635	3.28635
1918	3.6250999999999998	6.5459	6.5459
1919	2.2078499999999996	2.04325	2.04325
1920	1.5726	3.5163	3.5163
1921	3.1242	2.7717	2.7717
1922	6.437200000000001	2.9567	2.9567
1923	2.4915000000000003	5.00775	5.00775
1924	3.08065	2.408	2.408
1925	4.449400000000001	3.65645	3.65645
1926	0.0	0.0	0.0
1927	2.7816	6.82405	6.82405
1928	1.7127500000000002	0.0	0.0
1929	3.8425000000000002	3.893	3.893
1930	3.7102	4.50465	4.50465
1931	1.6536	5.4394	5.4394
1932	3.2321	0.0	0.0
1933	3.6247	0.14995	0.14995
1934	2.3302500000000004	2.7187	2.7187
1935	2.74715	3.16025	3.16025
1936	2.0842	0.0	0.0
1937	3.71835	3.5925	3.5925
1938	3.518	3.1393500000000003	3.1393500000000003
1939	5.7364	4.6953	4.6953
1940	2.3422	0.0	0.0
1941	4.1508	3.3319	3.3319
1942	3.4882	2.4522	2.4522
1943	3.18705	3.01035	3.01035
1944	0.0	2.9088	2.9088
1945	0.0	3.6891	3.6891
1946	2.0416499999999997	2.6016000000000004	2.6016000000000004
1947	1.9307500000000002	2.8518999999999997	2.8518999999999997
1948	4.718999999999999	0.0	0.0
1949	3.7444	2.9733	2.9733
1950	2.02905	2.0172	2.0172
1951	1.9883	1.4893	1.4893
1952	3.2009	1.44	1.44
1953	0.0	0.5176	0.5176
1954	1.18265	0.6602	0.6602
1955	3.5674	2.55035	2.55035
1956	3.1342	0.0	0.0
1957	3.67995	3.2986500000000003	3.2986500000000003
1958	2.392	0.0	0.0
1959	0.0	6.575	6.575
1960	1.9609	3.9686	3.9686
1961	2.8985	1.9967	1.9967
1962	5.57925	2.0045	2.0045
1963	2.9574499999999997	3.3521	3.3521
1964	3.11355	3.5972	3.5972
1965	2.7926	4.1202	4.1202
1966	4.3466000000000005	2.12705	2.12705
1967	0.0	2.45915	2.45915
1968	3.62615	2.327	2.327
1969	4.898149999999999	2.1005	2.1005
1970	3.5887	2.8802000000000003	2.8802000000000003
1971	4.8633	2.8579	2.8579
1972	2.07335	2.7177	2.7177
1973	3.12775	0.0	0.0
1974	3.31025	4.0189	4.0189
1975	3.6773	2.7989	2.7989
1976	4.49305	2.8190999999999997	2.8190999999999997
1977	4.293	2.3365	2.3365
1978	2.48115	2.4137000000000004	2.4137000000000004
1979	2.9859	3.5302	3.5302
1980	3.5842	2.1401	2.1401
1981	4.123049999999999	2.89415	2.89415
1982	1.8282	2.4515	2.4515
1983	2.1254	2.56015	2.56015
1984	0.0	3.91115	3.91115
1985	4.8347	3.6235999999999997	3.6235999999999997
1986	3.68425	4.976	4.976
1987	2.95825	1.7474	1.7474
1988	2.2628	2.45985	2.45985
1989	2.8364	5.6087	5.6087
1990	4.215949999999999	2.4955	2.4955
1991	4.215949999999999	2.4955	2.4955
1992	2.8465	0.9467	0.9467
1993	0.6033	5.7511	5.7511
1994	4.42215	3.6465	3.6465
1995	2.9923	3.534	3.534
1996	3.3096	3.3215500000000002	3.3215500000000002
1997	0.0	0.0	0.0
1998	0.0	1.5918	1.5918
1999	1.4270999999999998	0.9224	0.9224
2000	1.91845	3.5073499999999997	3.5073499999999997
2001	2.4272	2.1478	2.1478
2002	3.6758499999999996	2.65585	2.65585
2003	2.11275	2.2301	2.2301
2004	0.0	2.806	2.806
2005	3.3857	2.5476	2.5476
2006	2.4162	4.7362	4.7362
2007	3.5571	0.0	0.0
2008	1.5758	2.7342500000000003	2.7342500000000003
2009	4.02065	5.51075	5.51075
2010	5.5106	1.4616	1.4616
2011	3.5416	3.2952	3.2952
2012	3.8553	2.8193	2.8193
2013	3.6365999999999996	2.6756	2.6756
2014	4.1973	3.34635	3.34635
2015	2.13015	4.7649	4.7649
2016	2.7681	2.889	2.889
2017	4.2596	5.2238	5.2238
2018	2.4848	5.1671499999999995	5.1671499999999995
2019	4.4534	1.7057	1.7057
2020	2.4848	5.1671499999999995	5.1671499999999995
2021	0.0	4.2863	4.2863
2022	1.6157	5.62745	5.62745
2023	2.0734	1.2894	1.2894
2024	3.68865	3.79185	3.79185
2025	2.0170000000000003	0.4833	0.4833
2026	5.3455	4.614800000000001	4.614800000000001
2027	3.4221	3.3321	3.3321
2028	3.5697	5.975099999999999	5.975099999999999
2029	0.0	3.6773	3.6773
2030	4.1127	2.9099	2.9099
2031	1.94735	0.0	0.0
2032	3.3719	5.14135	5.14135
2033	3.1634	2.63375	2.63375
2034	3.0968	3.3439	3.3439
2035	4.319	5.2508	5.2508
2036	4.15175	1.7052	1.7052
2037	4.07935	0.0	0.0
2038	2.33825	2.0118	2.0118
2039	2.7723	2.9269	2.9269
2040	2.1912	2.0494	2.0494
2041	1.965	4.0173	4.0173
2042	0.0	3.99935	3.99935
2043	3.9804	2.3796999999999997	2.3796999999999997
2044	2.96	2.6967	2.6967
2045	3.3215	2.4463	2.4463
2046	3.8029	1.6402999999999999	1.6402999999999999
2047	4.9869	0.0	0.0
2048	3.5475	0.23045	0.23045
2049	4.6014	0.0	0.0
2050	1.88225	5.8237	5.8237
2051	4.17305	2.1604	2.1604
2052	1.63585	2.3157	2.3157
2053	0.0	2.1521999999999997	2.1521999999999997
2054	4.409549999999999	3.798	3.798
2055	2.1222	0.0	0.0
2056	2.6094	3.53275	3.53275
2057	7.2018	3.5928	3.5928
2058	2.8351	0.0	0.0
2059	3.5082	0.0	0.0
2060	3.52545	3.7316	3.7316
2061	2.59115	2.3449	2.3449
2062	0.7642	3.561	3.561
2063	2.0263999999999998	2.5663	2.5663
2064	2.3162	3.0676	3.0676
2065	2.7634	3.967	3.967
2066	0.0	0.481	0.481
2067	3.84555	0.0	0.0
2068	4.2865	6.4419	6.4419
2069	3.7775	4.97365	4.97365
2070	2.6132	1.1381000000000001	1.1381000000000001
2071	2.7852	4.822	4.822
2072	4.83215	4.587899999999999	4.587899999999999
2073	4.97315	2.4794	2.4794
2074	3.23755	1.5621	1.5621
2075	4.09625	0.0	0.0
2076	2.3852	3.08545	3.08545
2077	3.3205999999999998	2.5641	2.5641
2078	0.60575	0.0	0.0
2079	4.09625	0.0	0.0
2080	5.077400000000001	4.35025	4.35025
2081	4.3496500000000005	4.22105	4.22105
2082	4.6906	0.0	0.0
2083	2.70195	1.01845	1.01845
2084	4.7116	0.0	0.0
2085	3.283	0.2119	0.2119
2086	2.63165	2.3883	2.3883
2087	1.5775	1.3776000000000002	1.3776000000000002
2088	0.0	0.0	0.0
2089	3.8219	3.16865	3.16865
2090	1.748	1.8106	1.8106
2091	3.41175	2.26075	2.26075
2092	6.3221	5.41885	5.41885
2093	3.41175	2.26075	2.26075
2094	0.4441	3.6116	3.6116
2095	3.0758	2.7466999999999997	2.7466999999999997
2096	3.2246	1.672	1.672
2097	4.5481	0.0	0.0
2098	3.62845	3.0472	3.0472
2099	0.0	3.4178	3.4178
2100	0.0	4.6077	4.6077
2101	4.6889	0.0	0.0
2102	0.0	2.2818	2.2818
2103	2.3952	0.0	0.0
2104	3.4601	3.3452	3.3452
2105	3.65865	4.21545	4.21545
2106	6.8971	3.1267500000000004	3.1267500000000004
2107	0.0	0.0	0.0
2108	0.75	1.2799	1.2799
2109	1.93415	0.0	0.0
2110	3.3824	3.8861999999999997	3.8861999999999997
2111	4.970000000000001	5.5162	5.5162
2112	2.965	0.0	0.0
2113	4.322100000000001	3.6844	3.6844
2114	3.4659	0.0	0.0
2115	5.8805499999999995	4.013	4.013
2116	4.36975	4.4152000000000005	4.4152000000000005
2117	4.83085	2.5601000000000003	2.5601000000000003
2118	2.2633	3.6544999999999996	3.6544999999999996
2119	4.6982	1.7848	1.7848
2120	3.58225	2.6169	2.6169
2121	0.0	0.0	0.0
2122	4.5307	3.8542	3.8542
2123	0.6758500000000001	0.0	0.0
2124	4.226	2.6848	2.6848
2125	3.6704	4.0329	4.0329
2126	0.0	1.85415	1.85415
2127	1.5237	0.0	0.0
2128	4.40415	0.0	0.0
2129	4.6686	0.0	0.0
2130	2.3487999999999998	1.7597	1.7597
2131	0.9825	1.7743	1.7743
2132	3.6342499999999998	2.4591	2.4591
2133	2.8609	2.1091	2.1091
2134	0.9825	1.7743	1.7743
2135	0.0	3.741	3.741
2136	6.33225	3.47905	3.47905
2137	3.3095	2.7948	2.7948
2138	1.12445	5.3625	5.3625
2139	3.40235	0.0	0.0
2140	0.0	0.0	0.0
2141	4.378	3.5443	3.5443
2142	3.0917000000000003	0.0	0.0
2143	3.5476	2.98135	2.98135
2144	3.3725500000000004	2.69435	2.69435
2145	3.63765	0.0	0.0
2146	2.2619499999999997	1.9917500000000001	1.9917500000000001
2147	2.6655	2.5930999999999997	2.5930999999999997
2148	2.2378	1.4754	1.4754
2149	1.8906	7.52375	7.52375
2150	2.94565	1.3106499999999999	1.3106499999999999
2151	1.5017	4.131	4.131
2152	1.0636	1.86595	1.86595
2153	4.8815	1.6751	1.6751
2154	3.6246	3.928	3.928
2155	3.3513	4.2948	4.2948
2156	2.4376	0.0	0.0
2157	3.336	2.2771	2.2771
2158	2.3659	1.75065	1.75065
2159	0.93375	0.0	0.0
2160	3.336	2.2771	2.2771
2161	0.0	2.5343999999999998	2.5343999999999998
2162	2.61325	0.0	0.0
2163	3.7919	2.3066	2.3066
2164	5.6739	0.0	0.0
2165	2.8338	2.5873	2.5873
2166	3.61935	2.41705	2.41705
2167	2.31975	3.2712	3.2712
2168	3.2012	1.4644	1.4644
2169	4.2645	4.007	4.007
2170	5.8267	2.6441999999999997	2.6441999999999997
2171	1.0937999999999999	4.3674	4.3674
2172	4.3478	3.2725	3.2725
2173	4.8987	0.0	0.0
2174	1.7052	2.359	2.359
2175	4.1436	2.8274	2.8274
2176	3.006	1.9857	1.9857
2177	2.5979	1.7855	1.7855
2178	3.99525	0.0	0.0
2179	4.6092	0.0	0.0
2180	1.7898	0.2924	0.2924
2181	4.8925	0.0	0.0
2182	2.0543500000000003	1.5241	1.5241
2183	2.98325	1.7518500000000001	1.7518500000000001
2184	4.7087	1.74045	1.74045
2185	2.77915	3.28385	3.28385
2186	2.0486	0.0	0.0
2187	2.1858	0.0	0.0
2188	0.0	5.8718	5.8718
2189	3.5978	0.0	0.0
2190	3.8492	0.0	0.0
2191	3.03395	3.5666	3.5666
2192	3.4974	0.0	0.0
2193	3.9382	0.0	0.0
2194	2.32165	1.3167	1.3167
2195	2.76075	1.0344	1.0344
2196	0.2957	0.0	0.0
2197	2.7954	4.245699999999999	4.245699999999999
2198	1.44135	3.1578	3.1578
2199	2.9618	2.7054	2.7054
2200	4.0779499999999995	5.177	5.177
2201	2.4838	0.0	0.0
2202	0.0	1.8817	1.8817
2203	1.9359	0.0	0.0
2204	2.03145	4.2593	4.2593
2205	0.0	4.3423	4.3423
2206	4.548500000000001	3.05735	3.05735
2207	2.9370000000000003	2.3070500000000003	2.3070500000000003
2208	4.2807	0.0	0.0
2209	3.7460500000000003	5.5655	5.5655
2210	3.0721	2.2727	2.2727
2211	0.0	0.0	0.0
2212	4.960649999999999	0.0	0.0
2213	3.5782	0.0	0.0
2214	3.2329	2.9295	2.9295
2215	0.0	0.6341	0.6341
2216	3.7664	3.88025	3.88025
2217	1.0654	2.3835	2.3835
2218	3.7460500000000003	5.5655	5.5655
2219	3.31645	2.55735	2.55735
2220	3.19825	2.3469	2.3469
2221	2.3523	3.5849	3.5849
2222	1.3385500000000001	2.73775	2.73775
2223	3.88835	2.4599	2.4599
2224	4.8674	4.5411	4.5411
2225	3.934	3.9869	3.9869
2226	0.0	0.0	0.0
2227	3.1137	4.229150000000001	4.229150000000001
2228	2.77115	0.0	0.0
2229	0.6841	0.0	0.0
2230	3.9526	4.1388	4.1388
2231	2.6308	1.61665	1.61665
2232	2.724	3.4465	3.4465
2233	3.26595	2.5676	2.5676
2234	2.70235	0.0	0.0
2235	2.1639999999999997	0.0	0.0
2236	1.4773	3.02155	3.02155
2237	3.3118	1.6941	1.6941
2238	4.7985	2.5407	2.5407
2239	2.724	3.4465	3.4465
2240	3.2267	5.9552	5.9552
2241	0.0	4.26365	4.26365
2242	3.1202500000000004	2.8734	2.8734
2243	2.6996	2.2422	2.2422
2244	3.5338	0.0	0.0
2245	2.7600499999999997	4.203849999999999	4.203849999999999
2246	1.81595	2.9503500000000003	2.9503500000000003
2247	3.04885	3.53235	3.53235
2248	3.4754	1.74985	1.74985
2249	0.0	4.942	4.942
2250	2.2344	3.1835	3.1835
2251	2.8240499999999997	4.4274	4.4274
2252	2.4628	2.51	2.51
2253	3.09335	0.0	0.0
2254	3.20545	2.6848	2.6848
2255	3.2402	2.3128	2.3128
2256	3.2267	5.9552	5.9552
2257	3.0694	3.2922	3.2922
2258	3.7533	3.5313	3.5313
2259	2.4108	3.0202	3.0202
2260	5.0557	0.0	0.0
2261	3.1378	2.7051	2.7051
2262	2.8935500000000003	5.7674	5.7674
2263	1.06325	3.83575	3.83575
2264	2.8651	0.0	0.0
2265	0.6039	0.0	0.0
2266	2.54975	1.361	1.361
2267	2.25555	0.5023	0.5023
2268	2.8434	4.4892	4.4892
2269	2.7459	1.9654	1.9654
2270	1.0625499999999999	1.28395	1.28395
2271	0.0	0.0	0.0
2272	0.0	4.4754000000000005	4.4754000000000005
2273	2.9616499999999997	3.9517	3.9517
2274	0.0	4.9042	4.9042
2275	1.0625499999999999	1.31145	1.31145
2276	2.3498	2.48805	2.48805
2277	1.40635	4.3812	4.3812
2278	1.133	2.18075	2.18075
2279	3.3696	2.6105	2.6105
2280	2.374	2.4459	2.4459
2281	3.2515	2.47615	2.47615
2282	4.4825	4.5838	4.5838
2283	4.334	3.0667	3.0667
2284	4.98565	2.24695	2.24695
2285	2.5968	0.0	0.0
2286	4.049	0.9480999999999999	0.9480999999999999
2287	3.20805	2.7029	2.7029
2288	3.5924	4.10225	4.10225
2289	0.0	0.0	0.0
2290	3.32465	2.29885	2.29885
2291	2.20165	1.9548	1.9548
2292	3.74205	3.2458	3.2458
2293	2.81285	3.58365	3.58365
2294	2.54325	2.5486	2.5486
2295	0.0	1.2043	1.2043
2296	2.5661	3.4189	3.4189
2297	3.80535	0.0	0.0
2298	3.5534499999999998	3.1361499999999998	3.1361499999999998
2299	4.6765	5.4701	5.4701
2300	2.2445	3.63155	3.63155
2301	3.7272999999999996	0.0	0.0
2302	3.1643499999999998	2.60945	2.60945
2303	3.8628	6.6934000000000005	6.6934000000000005
2304	3.01085	1.4461	1.4461
2305	3.6041	6.0343	6.0343
2306	0.65585	0.0	0.0
2307	2.7498	4.93585	4.93585
2308	3.4221	4.0609	4.0609
2309	1.5144	4.37285	4.37285
2310	1.58085	1.9616	1.9616
2311	3.63205	2.53375	2.53375
2312	2.031	0.0	0.0
2313	3.3144	2.72845	2.72845
2314	4.13575	0.0	0.0
2315	5.34705	4.59975	4.59975
2316	5.016450000000001	4.7906	4.7906
2317	3.4775	2.4810499999999998	2.4810499999999998
2318	2.8322	0.0	0.0
2319	5.02275	1.6456499999999998	1.6456499999999998
2320	2.5416	4.4056	4.4056
2321	1.2977500000000002	0.0	0.0
2322	1.8709	0.0	0.0
2323	2.6377	2.3154	2.3154
2324	0.0	0.0	0.0
2325	1.1661	5.1326	5.1326
2326	0.0	2.3272500000000003	2.3272500000000003
2327	2.42205	5.0838	5.0838
2328	0.0	0.0	0.0
2329	3.4897	3.782	3.782
2330	5.87135	0.0	0.0
2331	0.0	4.9671	4.9671
2332	3.9760999999999997	2.6953	2.6953
2333	0.0	0.0	0.0
2334	0.8335	0.6376999999999999	0.6376999999999999
2335	5.635249999999999	3.0113	3.0113
2336	3.1906499999999998	0.0	0.0
2337	3.36045	7.6017	7.6017
2338	1.1651500000000001	2.9415	2.9415
2339	2.0484	2.2696	2.2696
2340	0.9990999999999999	0.0	0.0
2341	0.0	5.5807	5.5807
2342	2.3343	0.0	0.0
2343	2.5807	3.6405	3.6405
2344	5.6217500000000005	4.3545	4.3545
2345	5.2025	5.052099999999999	5.052099999999999
2346	2.48065	1.8942999999999999	1.8942999999999999
2347	0.0	0.0	0.0
2348	3.78805	3.8705	3.8705
2349	0.7573	0.0	0.0
2350	0.0	3.3612	3.3612
2351	0.0	0.0	0.0
2352	0.0	1.5507	1.5507
2353	0.0	0.0	0.0
2354	0.0	4.1775	4.1775
2355	4.5365	0.0	0.0
2356	2.05275	2.5016499999999997	2.5016499999999997
2357	1.7704	0.79695	0.79695
2358	1.6627	0.0	0.0
2359	2.79425	0.0	0.0
2360	0.0	0.0	0.0
2361	0.0	4.824450000000001	4.824450000000001
2362	0.0	0.0	0.0
2363	0.0	0.0	0.0
2364	0.0	0.0	0.0
2365	2.23935	2.0864000000000003	2.0864000000000003
2366	4.34	0.0	0.0
2367	1.91215	2.5347	2.5347
2368	2.4075	5.219	5.219
2369	0.0	0.0	0.0
2370	1.7212999999999998	0.0	0.0
2371	2.3614	0.0	0.0
2372	3.2483	4.4455	4.4455
2373	0.0	3.4698	3.4698
2374	4.2681	4.0188	4.0188
2375	1.3521	4.5884	4.5884
2376	4.0639	0.0	0.0
2377	3.1832	2.6478	2.6478
2378	3.6252	3.2221	3.2221
2379	3.7663	0.5796	0.5796
2380	3.0976	3.22555	3.22555
2381	1.5864500000000001	3.574	3.574
2382	0.0	0.0	0.0
2383	4.25265	0.0	0.0
2384	5.6168	0.0	0.0
2385	0.0	0.0	0.0
2386	2.02175	0.0	0.0
2387	3.9315499999999997	0.0	0.0
2388	2.7054	2.689	2.689
2389	2.3735999999999997	0.0	0.0
2390	2.2065	2.4241	2.4241
2391	4.88375	1.9029	1.9029
2392	2.57755	4.52165	4.52165
2393	0.0	0.0	0.0
2394	3.67645	3.259	3.259
2395	1.29055	0.0	0.0
2396	2.7535	0.0	0.0
2397	3.25285	5.0699	5.0699
2398	7.068	0.0	0.0
2399	2.6363	2.64805	2.64805
2400	2.719	3.601	3.601
2401	2.4375	4.3843	4.3843
2402	1.99865	1.52785	1.52785
2403	0.0	0.0	0.0
2404	0.0	1.04105	1.04105
2405	5.179	4.4688	4.4688
2406	3.7613000000000003	1.84535	1.84535
2407	6.1165	0.0	0.0
2408	4.84335	1.90395	1.90395
2409	2.8346999999999998	4.2643	4.2643
2410	6.0088	3.5784	3.5784
2411	3.4941	2.86625	2.86625
2412	4.2532499999999995	6.001	6.001
2413	4.6184	2.5664	2.5664
2414	3.1886	3.3355	3.3355
2415	5.243399999999999	4.1551	4.1551
2416	4.3075	3.154	3.154
2417	1.9752999999999998	0.0	0.0
2418	3.0374	6.5486	6.5486
2419	4.4246	3.8283	3.8283
2420	3.2488	6.0329	6.0329
2421	4.19175	5.81545	5.81545
2422	2.8902	4.0053	4.0053
2423	0.0	0.0	0.0
2424	4.2139	6.8031	6.8031
2425	3.1528	3.039	3.039
2426	2.83175	6.05565	6.05565
2427	0.0	0.0	0.0
2428	0.0	0.0	0.0
2429	4.7668	4.148300000000001	4.148300000000001
2430	3.5765000000000002	2.99655	2.99655
2431	0.0	0.0	0.0
2432	4.4803	2.9965	2.9965
2433	3.163	2.9538	2.9538
2434	6.0182	3.62835	3.62835
2435	4.3824000000000005	3.63095	3.63095
2436	4.531499999999999	6.3766	6.3766
2437	5.1731	4.9792000000000005	4.9792000000000005
2438	5.3852	4.272550000000001	4.272550000000001
2439	5.5032	4.1297	4.1297
2440	4.0791	3.1324500000000004	3.1324500000000004
2441	3.696	3.3884	3.3884
2442	3.5813	4.2056000000000004	4.2056000000000004
2443	3.8231	7.162599999999999	7.162599999999999
2444	3.3636	4.15055	4.15055
2445	3.3331	6.666	6.666
2446	4.4471	3.6962	3.6962
2447	4.2588	5.43825	5.43825
2448	3.66615	3.73875	3.73875
2449	4.6692	3.7428	3.7428
2450	6.1617	4.5019	4.5019
2451	0.0	0.0	0.0
2452	6.4866	4.9209	4.9209
2453	5.26715	3.6075	3.6075
2454	2.5596	3.2573999999999996	3.2573999999999996
2455	3.41065	3.4907500000000002	3.4907500000000002
2456	4.51435	3.51875	3.51875
2457	3.42255	5.0634	5.0634
2458	3.2526	4.6725	4.6725
2459	4.16075	2.62555	2.62555
2460	3.1940999999999997	4.00465	4.00465
2461	4.2035	3.08375	3.08375
2462	3.8327	4.3995999999999995	4.3995999999999995
2463	2.85765	3.3787000000000003	3.3787000000000003
2464	6.0426	2.5392	2.5392
2465	4.39085	4.70825	4.70825
2466	2.169	0.0	0.0
2467	3.92245	2.74385	2.74385
2468	2.7543	3.245	3.245
2469	2.7805	3.8646	3.8646
2470	3.4264	3.5737	3.5737
2471	2.8541	0.0	0.0
2472	2.4624	0.0	0.0
2473	2.9272	0.0	0.0
2474	2.29725	0.0	0.0
2475	6.17675	8.158999999999999	8.158999999999999
2476	4.0968	3.6599	3.6599
2477	5.4806	3.5799	3.5799
2478	0.0	0.0	0.0
2479	3.6673	6.20715	6.20715
2480	6.516299999999999	6.0901	6.0901
2481	7.844950000000001	0.46199999999999997	0.46199999999999997
2482	0.0	0.0	0.0
2483	4.3041	3.0484	3.0484
2484	3.1214	0.0	0.0
2485	4.1386	6.3985	6.3985
2486	2.8517	2.15495	2.15495
2487	4.095750000000001	0.0	0.0
2488	3.3796	2.8114999999999997	2.8114999999999997
2489	2.7125000000000004	2.85445	2.85445
2490	2.96995	3.3562	3.3562
2491	4.3747	2.2878499999999997	2.2878499999999997
2492	7.7094000000000005	5.8192	5.8192
2493	2.7905	2.8681	2.8681
2494	2.6565	2.5819	2.5819
2495	3.9619999999999997	3.22	3.22
2496	0.0	0.0	0.0
2497	2.91385	2.5667	2.5667
2498	4.0559	7.2677	7.2677
2499	3.5726	4.6543	4.6543
2500	5.2587	5.3979	5.3979
2501	4.73765	3.5644	3.5644
2502	3.0877499999999998	6.5733999999999995	6.5733999999999995
2503	3.9896	0.0	0.0
2504	6.99615	3.7116	3.7116
2505	7.4712499999999995	4.7504	4.7504
2506	5.9523	1.80315	1.80315
2507	2.2793	2.5714	2.5714
2508	2.633	2.88865	2.88865
