star	x	y
1	746.58	459.64
2	547.57	493.95
3	462.38	523.01
4	230.97	347.2
5	112.45	420.52
6	153.63	614.49
7	957.99	389.36
8	500.73	376.04
9	550.72	571.94
10	369.82	409.03
11	580.0	819.65
12	479.33	572.02
13	336.75	573.45
14	586.45	96.41
15	366.07	362.05
16	700.99	686.01
17	580.56	561.08
18	457.39	309.47
19	83.07	774.68
20	1003.41	330.14
21	342.1	460.34
22	757.9	281.49
23	676.07	464.36
24	447.49	738.34
25	539.54	426.1
26	359.43	497.46
27	860.07	632.3
28	496.51	628.96
29	621.56	446.08
30	922.94	603.64
31	453.51	390.57
32	202.58	647.99
33	750.18	556.76
34	413.63	887.82
35	643.4	447.43
36	257.6	476.91
37	267.18	447.19
38	265.17	446.23
39	448.88	448.79
40	813.68	680.96
41	410.77	703.95
42	380.34	370.0
43	784.55	537.39
44	485.09	477.3
45	420.77	334.92
46	438.49	422.28
47	716.04	680.26
48	695.95	175.75
49	541.2	475.65
50	321.19	254.86
51	602.34	636.84
52	523.07	596.28
53	252.54	572.01
54	155.56	402.38
55	601.98	259.71
56	875.04	572.38
57	551.18	398.74
58	932.55	979.31
59	946.98	629.08
60	899.38	838.8
61	812.55	169.38
62	874.58	913.55
63	46.09	248.02
64	399.54	966.24
65	455.56	598.62
66	660.95	666.49
67	41.05	872.92
68	601.44	308.12
69	781.95	426.08
70	215.52	77.1
71	787.6	652.57
72	228.77	627.56
73	625.6	611.5
74	721.31	289.1
75	265.64	351.52
76	457.06	500.99
77	509.01	501.04
78	396.06	124.32
79	757.7	209.97
80	858.8	616.24
81	58.8	925.03
82	410.17	319.37
83	330.03	622.97
84	99.06	657.47
85	127.7	183.57
86	364.82	465.2
87	686.0	415.01
88	854.1	601.06
89	427.64	148.44
90	402.17	180.88
91	540.6	453.43
92	750.52	586.06
93	829.94	910.54
94	698.96	307.7
95	420.65	857.36
96	679.68	172.19
97	131.1	850.64
98	403.44	941.5
99	568.73	337.23
100	490.31	47.04
101	832.91	613.54
102	738.3	695.75
103	786.68	181.1
104	510.04	179.33
105	808.47	976.57
106	674.36	800.91
107	145.74	67.64
108	267.29	479.99
109	472.87	242.84
110	676.43	569.56
111	574.21	78.88
112	489.05	571.67
113	521.11	626.65
114	652.41	157.58
115	646.16	704.3
116	309.35	390.0
117	486.55	514.91
118	161.64	542.02
119	689.97	769.98
120	403.17	363.6
121	492.34	551.56
122	305.64	445.95
123	895.94	614.0
124	581.52	705.47
125	935.5	683.92
126	714.03	630.99
127	961.52	591.96
128	720.46	486.32
129	723.84	435.22
130	397.45	653.38
131	310.51	44.4
132	992.99	724.03
133	943.31	577.95
134	407.15	450.43
135	73.33	119.07
136	105.6	862.38
137	495.4	672.85
138	456.43	301.43
139	18.93	839.16
140	217.43	645.43
141	432.5	809.94
142	796.93	135.77
143	913.26	550.13
144	46.61	647.05
145	528.6	630.03
146	671.97	444.9
147	675.02	392.34
148	219.84	53.11
149	185.68	624.47
150	234.86	492.93
151	185.69	624.47
152	177.35	328.18
153	354.75	684.91
154	303.62	880.92
155	196.67	574.36
156	438.56	825.58
157	260.54	284.4
158	255.74	670.56
159	644.58	342.92
160	816.06	895.64
161	260.46	284.93
162	53.34	821.88
163	716.73	744.92
164	755.3	324.9
165	429.37	702.51
166	790.06	593.28
167	457.35	253.02
168	671.06	469.98
169	41.04	719.92
170	538.01	238.08
171	773.49	918.44
172	445.58	649.97
173	412.46	771.92
174	822.48	625.9
175	214.22	88.87
176	215.22	552.13
177	980.52	892.95
178	586.04	359.97
179	351.69	972.48
180	220.25	717.1
181	432.09	891.21
182	540.74	565.92
183	961.56	32.59
184	298.9	733.76
185	678.49	191.4
186	275.53	615.56
187	707.05	889.71
188	356.97	49.4
189	485.05	730.66
190	594.16	366.52
191	366.23	999.16
192	924.34	66.04
193	651.05	720.65
194	392.59	493.04
195	231.57	634.32
196	532.32	526.0
197	112.35	323.98
198	595.9	749.63
199	457.11	404.35
200	868.27	102.03
201	880.97	565.92
202	100.44	737.07
203	582.02	446.32
204	100.25	737.01
205	804.95	117.51
206	234.49	23.63
207	804.94	117.4
208	161.09	60.05
209	704.39	736.1
210	224.27	945.04
211	478.5	590.32
212	703.02	270.51
213	519.63	715.44
214	987.27	831.79
215	879.53	431.42
216	817.17	269.75
217	849.59	852.49
218	79.12	377.45
219	686.97	850.7
220	517.32	230.1
221	273.48	457.43
222	664.92	237.74
223	583.76	470.07
224	427.02	431.32
225	771.41	330.33
226	897.94	360.64
227	322.74	690.93
228	667.96	344.72
229	277.44	101.12
230	579.43	239.42
231	661.55	104.71
232	334.65	902.34
233	825.47	105.64
234	334.67	902.32
235	874.33	490.05
236	344.74	611.36
237	769.82	832.12
238	444.35	301.05
239	354.43	605.49
240	359.49	487.97
241	556.97	271.59
242	507.73	233.08
243	467.06	488.7
244	463.73	428.19
245	730.32	741.83
246	729.97	663.25
247	324.82	509.08
248	684.89	671.27
249	284.06	806.48
250	341.69	728.54
251	359.58	715.7
252	359.57	716.3
253	941.67	514.98
254	359.67	716.11
255	807.32	632.47
256	233.37	93.1
257	820.02	511.9
258	246.53	847.49
259	276.68	734.46
260	837.82	847.28
261	165.59	837.3
262	606.07	468.01
263	239.49	785.47
264	989.95	296.07
265	429.22	544.84
266	388.21	935.22
267	481.02	712.64
268	306.33	735.59
269	363.94	185.18
270	761.97	724.98
271	306.72	735.79
272	70.17	480.44
273	334.74	940.86
274	334.75	940.8
275	347.42	34.01
276	431.89	133.42
277	316.13	742.67
278	22.02	177.65
279	438.54	545.53
280	399.03	186.95
281	203.93	408.89
282	885.53	645.09
283	112.49	812.48
284	942.94	343.5
285	685.09	468.72
286	895.96	850.93
287	911.1	154.25
288	621.5	138.38
289	572.04	94.08
290	224.06	598.51
291	860.28	827.13
292	530.23	719.84
293	995.04	17.77
294	297.06	393.03
295	18.18	480.73
296	170.78	222.29
297	855.62	564.46
298	533.92	539.44
299	399.03	187.45
300	806.96	648.99
301	414.48	663.35
302	34.84	397.54
303	471.92	677.61
304	595.27	441.0
305	813.57	988.34
306	531.06	320.68
307	392.95	736.79
308	700.58	620.49
309	887.28	40.04
310	208.59	938.86
311	246.37	626.44
312	946.58	816.59
313	915.0	189.68
314	35.3	397.8
315	870.97	127.64
316	570.06	212.57
317	761.98	672.97
318	748.59	239.64
319	277.81	843.95
320	742.33	762.98
321	303.24	864.23
322	534.75	848.95
323	248.04	487.95
324	939.98	711.01
325	340.23	229.8
326	778.98	356.31
327	205.36	846.85
328	15.51	202.43
329	844.99	521.37
330	422.24	709.14
331	881.96	291.66
332	399.27	253.92
333	650.01	384.35
334	930.96	127.35
335	60.08	540.49
336	772.03	40.37
337	41.91	488.77
338	661.17	149.19
339	158.35	244.11
340	88.2	576.42
341	42.11	488.75
342	900.23	139.14
343	42.17	488.76
344	244.54	748.34
345	931.57	253.19
346	927.0	959.92
347	415.77	542.05
348	367.33	704.96
349	665.07	626.05
350	900.1	139.24
351	331.48	301.62
352	587.97	315.55
353	394.56	612.51
354	42.09	488.96
355	585.6	829.6
356	643.23	566.12
357	621.5	695.94
358	246.63	885.92
359	878.81	829.13
360	214.97	135.72
361	961.48	901.87
362	350.48	794.53
363	155.61	254.6
364	133.35	388.98
365	315.74	379.57
366	696.59	335.67
367	642.82	944.8
368	616.53	857.43
369	607.44	323.1
370	593.96	66.67
371	213.46	893.87
372	273.33	777.91
373	924.39	300.86
374	966.36	521.15
375	377.05	598.97
376	568.51	924.08
377	156.24	867.28
378	874.17	147.22
379	365.74	453.02
380	568.38	924.04
381	33.18	526.13
382	740.55	911.25
383	769.47	562.82
384	328.6	519.94
385	593.03	472.03
386	873.35	260.23
387	356.04	332.35
388	929.61	796.04
389	93.33	79.7
390	739.53	412.88
391	312.83	937.04
392	385.94	649.65
393	316.05	328.07
394	929.59	796.52
395	789.1	299.69
396	677.53	379.18
397	455.88	104.18
398	335.65	521.52
399	794.09	600.33
400	227.75	377.58
401	957.29	133.05
402	473.09	832.43
403	301.53	336.47
404	313.43	937.38
405	38.07	559.52
406	313.47	937.49
407	482.61	693.62
408	877.4	73.55
409	666.28	518.88
410	105.55	732.96
411	677.54	379.4
412	105.34	733.24
413	797.5	90.61
414	697.05	219.73
415	93.96	79.64
416	207.95	858.33
417	839.07	103.62
418	819.18	939.56
419	47.19	36.48
420	477.05	730.27
421	459.96	170.57
422	819.41	939.46
423	198.12	521.68
424	690.19	56.92
425	929.97	790.47
426	55.25	15.46
427	929.97	790.48
428	833.37	799.82
429	85.49	201.89
430	573.94	189.55
431	47.59	36.52
432	477.04	730.09
433	547.73	23.06
434	476.97	730.38
435	55.55	15.61
436	855.97	276.65
437	571.98	897.49
438	494.56	718.47
439	831.99	182.93
440	754.36	378.91
441	621.21	950.14
442	362.95	562.06
443	605.0	737.63
444	755.03	122.06
445	363.06	561.95
446	694.56	961.3
447	715.38	67.55
448	365.58	43.67
449	232.63	722.4
450	476.89	430.32
451	887.6	235.55
452	951.12	231.26
453	392.56	629.44
454	328.08	599.65
455	310.78	309.23
456	349.43	922.6
457	498.23	872.91
458	64.55	151.11
459	362.82	561.92
460	498.71	872.87
461	757.07	491.1
462	847.99	252.63
463	936.11	199.26
464	926.12	899.77
465	792.03	267.37
466	725.0	491.68
467	478.09	538.31
468	171.32	702.96
469	205.37	981.96
470	791.33	746.98
471	967.02	854.21
472	372.32	201.06
473	42.64	458.02
474	241.49	345.6
475	645.01	927.67
476	847.99	253.06
477	187.42	670.51
478	564.32	554.89
479	417.09	555.54
480	910.11	686.76
481	547.04	619.99
482	583.72	886.95
483	551.25	61.89
484	806.48	910.92
485	645.95	225.33
486	175.81	843.96
487	111.27	924.85
488	106.15	130.93
489	430.48	674.95
490	835.57	170.46
491	687.0	393.93
492	358.08	40.08
493	417.09	555.27
494	111.53	924.93
495	708.7	437.1
496	871.0	181.05
497	273.03	811.94
498	682.17	375.28
499	275.12	933.18
500	505.55	333.12
501	694.76	726.96
502	1010.35	640.96
503	869.51	700.69
504	261.13	277.5
505	719.2	183.26
506	417.08	555.07
507	367.07	969.16
508	597.99	901.48
509	761.69	368.65
510	222.09	221.4
511	816.89	604.47
512	414.56	183.63
513	366.97	969.07
514	545.93	789.69
515	301.44	40.13
516	367.03	968.95
517	719.95	600.45
518	545.86	789.81
519	433.28	514.03
520	440.04	221.02
521	667.31	43.05
522	760.74	525.93
523	981.54	843.64
524	649.9	750.19
525	965.95	131.02
526	145.56	165.1
527	481.32	821.92
528	370.01	281.3
529	898.3	586.07
530	265.37	70.06
531	649.71	749.98
532	591.43	598.98
533	236.59	286.64
534	649.59	749.98
535	565.87	105.51
536	935.96	43.08
537	590.56	981.35
538	118.37	814.83
539	199.61	163.6
540	233.06	476.94
541	521.99	394.05
542	921.98	133.97
543	270.11	767.64
544	706.53	93.59
545	622.54	847.47
546	199.3	163.82
547	450.08	420.01
548	818.27	739.05
549	481.29	822.14
550	302.47	469.59
551	481.12	822.27
552	616.43	933.09
553	59.01	264.53
554	481.1	822.4
555	297.54	319.58
556	761.44	368.44
557	964.72	913.84
558	507.59	426.15
559	341.08	291.04
560	302.44	469.48
561	285.71	12.63
562	885.96	740.9
563	189.47	698.96
564	52.09	797.17
565	613.72	688.01
566	52.09	797.17
567	733.96	546.49
568	990.94	98.13
569	669.2	653.24
570	227.05	455.03
571	399.1	984.39
572	733.9	546.57
573	759.54	333.43
574	776.68	695.0
575	656.31	462.0
576	506.57	824.31
577	226.74	455.04
578	304.81	474.54
579	188.71	539.55
580	424.56	574.48
581	848.74	416.14
582	690.96	280.1
583	783.06	597.05
584	219.09	517.44
585	198.28	715.14
586	702.44	348.46
587	506.67	824.08
588	40.19	612.42
589	91.27	763.28
590	319.73	957.93
591	559.98	99.06
592	237.64	658.01
593	260.47	219.95
594	273.89	1009.99
595	971.66	731.98
596	508.05	764.65
597	909.5	797.33
598	641.66	215.07
599	471.82	616.69
600	220.72	587.95
601	960.61	316.52
602	158.36	782.87
603	111.79	584.93
604	750.26	542.05
605	304.94	474.79
606	589.55	399.56
607	948.31	935.98
608	609.07	135.61
609	682.9	241.94
610	921.9	20.49
611	137.5	420.13
612	185.12	764.53
613	48.56	521.09
614	372.92	69.46
615	350.29	546.81
616	463.66	778.99
617	233.87	969.27
618	516.7	57.11
619	695.99	557.08
620	568.0	230.34
621	572.54	329.06
622	233.92	969.22
623	350.22	546.63
624	230.28	391.96
625	350.68	546.6
626	214.57	790.44
627	713.27	531.72
628	704.8	883.26
629	488.92	661.4
630	342.49	864.0
631	704.7	883.26
632	896.6	109.48
633	26.05	327.76
634	206.66	465.01
635	839.46	558.9
636	341.61	442.47
637	158.68	637.49
638	636.06	294.99
639	589.72	126.94
640	317.39	843.21
641	770.66	286.9
642	317.41	843.1
643	202.82	469.18
644	932.67	914.47
645	191.79	357.96
646	486.01	115.76
647	932.4	914.47
648	747.73	639.93
649	495.61	348.46
650	113.66	754.94
651	134.24	904.37
652	894.95	869.43
653	776.64	125.03
654	804.92	470.66
655	17.05	701.69
656	161.09	552.4
657	829.55	489.89
658	17.05	701.69
659	178.09	966.51
660	973.0	884.26
661	315.18	751.35
662	741.02	83.7
663	315.1	751.51
664	249.53	304.56
665	786.15	347.42
666	314.93	751.79
667	866.67	766.95
668	154.24	749.36
669	866.5	766.82
670	639.52	631.51
671	470.92	1008.4
672	872.2	905.13
673	139.61	176.56
674	21.12	497.58
675	463.45	536.4
676	292.09	875.96
677	522.99	361.98
678	194.98	726.75
679	872.32	905.12
680	182.61	141.49
681	433.3	488.1
682	553.76	131.07
683	731.8	632.75
684	271.07	415.96
685	756.56	511.06
686	134.06	797.94
687	264.88	404.38
688	134.06	797.94
689	134.15	903.91
690	94.27	410.63
691	829.33	442.68
692	540.95	755.36
693	601.49	778.95
694	539.04	674.5
695	829.6	442.44
696	501.45	830.48
697	415.55	133.02
698	876.48	673.5
699	175.55	787.49
700	382.27	1010.02
701	383.72	702.94
702	930.23	839.99
703	379.46	636.52
704	94.67	410.47
705	732.5	938.42
706	184.07	821.48
707	551.0	232.09
708	718.4	508.08
709	275.1	828.5
710	728.06	381.01
711	786.17	25.52
712	592.58	428.66
713	999.95	922.47
714	549.34	921.81
715	993.01	1001.64
716	592.53	428.78
717	540.52	509.95
718	879.97	184.96
719	450.75	549.6
720	386.53	395.12
721	229.58	323.0
722	295.28	529.14
723	113.05	848.36
724	185.21	207.26
725	295.27	529.14
726	338.46	757.56
727	627.35	759.88
728	863.97	511.64
729	67.17	696.23
730	592.28	428.75
731	1003.39	720.45
732	796.45	555.32
733	233.96	604.51
734	358.33	847.96
735	450.49	549.5
736	787.01	486.98
737	519.0	404.98
738	72.58	59.06
739	282.03	60.61
740	592.16	428.66
741	429.47	617.98
742	639.59	391.15
743	796.27	555.09
744	596.57	872.58
745	700.03	19.02
746	740.75	381.12
747	142.45	781.95
748	396.08	267.07
749	258.69	434.47
750	113.0	848.42
751	797.94	817.23
752	596.78	872.79
753	550.81	897.22
754	867.32	424.06
755	539.05	842.67
756	942.04	82.37
757	24.47	22.57
758	942.04	82.37
759	549.22	921.02
760	142.81	781.95
761	538.97	842.78
762	872.01	135.97
763	587.92	718.8
764	870.98	592.04
765	550.98	897.45
766	582.31	692.0
767	924.73	522.85
768	541.07	528.5
769	215.43	194.87
770	79.44	612.85
771	362.34	20.03
772	94.84	305.23
773	897.26	541.11
774	490.99	612.25
775	573.13	788.27
776	482.16	679.72
777	199.97	506.51
778	43.12	823.23
779	643.33	202.87
780	183.08	994.91
781	207.22	899.14
782	308.06	233.36
783	16.09	856.35
784	992.09	76.27
785	146.64	79.1
786	217.09	924.64
787	643.09	202.99
788	99.63	469.64
789	765.65	372.99
790	596.5	768.35
791	512.45	700.46
792	760.95	824.54
793	381.07	130.36
794	497.01	854.61
795	746.02	124.73
796	633.86	971.75
797	905.51	342.21
798	349.08	176.54
799	998.01	898.63
800	715.45	584.13
801	345.63	257.2
802	439.5	692.51
803	682.54	683.03
804	437.27	475.89
805	158.58	457.91
806	458.59	615.9
807	267.39	572.33
808	179.69	41.56
809	369.15	992.23
810	267.25	572.47
811	804.35	390.03
812	140.59	502.96
813	763.47	310.6
814	837.95	949.36
815	63.39	353.99
816	148.87	213.75
817	617.84	52.39
818	596.23	736.13
819	617.02	623.92
820	715.74	584.15
821	769.98	16.36
822	84.13	15.71
823	391.24	53.61
824	244.53	185.17
825	700.9	234.46
826	127.59	603.98
827	271.54	159.07
828	400.57	404.07
829	249.39	650.77
830	565.49	615.88
831	401.52	610.88
832	339.09	641.32
833	395.49	904.53
834	127.59	603.98
835	795.5	691.51
836	330.44	395.45
837	205.08	126.33
838	662.06	279.72
839	899.68	797.97
840	231.7	696.66
841	736.32	242.97
842	673.53	809.55
843	206.99	899.27
844	249.5	650.82
845	825.4	770.88
846	836.1	876.76
847	754.03	616.29
848	746.4	153.24
849	836.11	876.64
850	505.55	564.96
851	460.98	861.25
852	566.85	204.77
853	836.03	876.65
854	566.84	204.88
855	812.59	254.18
856	84.21	15.83
857	812.91	254.33
858	194.59	153.63
859	437.37	476.03
860	754.03	616.09
861	437.37	476.03
862	151.89	952.94
863	545.51	716.93
864	951.82	77.65
865	231.46	696.91
866	401.6	610.84
867	804.41	389.6
868	882.19	778.82
869	201.23	310.66
870	561.17	569.46
871	156.59	516.92
872	369.69	859.98
873	923.97	747.27
874	804.38	389.51
875	1000.05	513.32
876	178.8	166.17
877	493.4	251.2
878	573.04	908.65
879	619.56	702.55
880	313.06	105.47
881	374.05	229.96
882	711.67	196.06
883	746.48	153.44
884	113.11	288.7
885	275.58	554.41
886	712.95	422.03
887	615.1	35.35
888	350.5	769.48
889	474.92	657.91
890	356.76	405.92
891	315.07	836.95
892	219.48	695.0
893	312.98	105.37
894	827.22	836.09
895	43.44	496.21
896	542.3	401.92
897	712.53	558.56
898	320.1	579.79
899	38.33	49.15
900	271.79	119.07
901	605.06	615.29
902	276.57	324.94
903	313.07	105.37
904	605.04	273.47
905	609.68	204.01
906	152.0	952.41
907	184.71	888.99
908	286.16	697.59
909	121.52	615.5
910	715.99	244.96
911	219.6	695.01
912	745.06	167.06
913	600.85	1001.78
914	43.49	496.41
915	288.23	530.46
916	851.57	46.18
917	369.54	991.74
918	219.84	695.0
919	599.67	53.03
920	74.85	526.64
921	415.78	84.41
922	817.63	393.67
923	308.54	542.86
924	702.2	258.21
925	320.1	579.98
926	817.73	393.7
927	521.57	332.13
928	144.67	138.12
929	345.09	216.68
930	126.25	598.06
931	201.0	310.58
932	369.55	991.54
933	316.58	410.09
934	713.71	472.02
935	286.41	697.02
936	201.0	310.68
937	462.63	753.5
938	323.95	415.58
939	918.28	697.03
940	489.74	155.14
941	324.0	415.49
942	492.62	794.43
943	420.29	239.98
944	506.33	781.99
945	616.53	559.63
946	33.77	164.97
947	859.3	649.02
948	239.1	456.56
949	415.98	84.84
950	184.04	778.27
951	236.17	464.77
952	390.27	65.76
953	308.6	814.92
954	762.5	449.85
955	232.07	383.97
956	397.95	303.19
957	41.16	579.67
958	553.6	654.04
959	41.12	579.91
960	661.19	612.2
961	755.02	390.31
962	123.25	807.09
963	422.01	780.93
964	317.32	242.91
965	487.04	344.91
966	949.68	858.99
967	643.34	482.06
968	895.47	378.98
969	742.52	923.49
970	115.46	477.17
971	694.51	265.06
972	359.03	579.97
973	725.65	629.71
974	945.99	779.0
975	376.04	575.0
976	201.15	102.03
977	126.38	597.97
978	102.56	444.45
979	321.51	490.56
980	224.55	428.98
981	613.24	874.81
982	102.56	444.45
983	385.3	474.79
984	566.22	26.08
985	430.57	348.49
986	266.95	825.52
987	430.57	348.49
988	539.67	952.89
989	232.27	383.96
990	141.92	335.29
991	430.57	348.49
992	266.94	825.54
993	126.16	598.0
994	615.53	900.54
995	563.26	804.23
996	615.53	900.55
997	622.82	169.42
998	513.72	244.01
999	476.06	902.89
1000	394.12	790.52
1001	1000.04	872.61
1002	144.07	986.95
1003	24.73	999.94
1004	215.77	412.03
1005	931.27	372.03
1006	554.05	654.4
1007	700.61	244.4
1008	28.4	558.94
1009	84.23	870.43
1010	557.49	526.11
1011	28.31	558.98
1012	234.32	159.9
1013	25.25	913.28
1014	660.79	423.49
1015	703.01	1005.31
1016	318.32	646.66
1017	111.12	71.73
1018	475.04	658.29
1019	563.68	804.06
1020	414.11	415.7
1021	475.04	658.29
1022	31.92	116.22
1023	563.78	804.13
1024	394.15	790.62
1025	994.23	391.74
1026	318.48	646.81
1027	25.53	913.1
1028	613.89	504.32
1029	591.28	457.74
1030	613.94	504.5
1031	852.0	900.42
1032	734.57	301.45
1033	254.94	925.22
1034	668.83	311.59
1035	450.69	864.48
1036	464.98	137.03
1037	345.05	196.35
1038	326.9	993.74
1039	574.19	921.0
1040	734.45	301.5
1041	326.9	993.74
1042	171.58	434.06
1043	881.07	883.61
1044	510.76	604.99
1045	357.05	306.39
1046	510.76	604.99
1047	456.52	551.5
1048	559.08	940.9
1049	58.31	280.88
1050	428.11	530.85
1051	364.35	749.0
1052	277.16	155.13
1053	821.3	348.78
1054	628.51	411.01
1055	293.09	673.91
1056	220.04	695.02
1057	232.16	983.06
1058	255.53	156.84
1059	319.34	628.9
1060	317.13	305.99
1061	340.31	62.05
1062	951.76	713.17
1063	197.12	277.07
1064	770.95	982.9
1065	908.01	761.26
1066	668.68	311.93
1067	628.72	410.99
1068	736.52	653.9
1069	634.65	818.92
1070	185.95	64.99
1071	661.96	200.01
1072	660.61	423.81
1073	495.08	657.25
1074	574.28	920.92
1075	845.24	918.8
1076	542.97	358.5
1077	16.39	902.76
1078	660.52	423.62
1079	81.04	892.64
1080	272.04	225.36
1081	861.67	108.86
1082	690.53	428.09
1083	255.86	156.68
1084	710.73	506.81
1085	749.95	716.93
1086	481.53	758.34
1087	469.54	23.81
1088	481.46	758.11
1089	559.51	940.42
1090	803.87	191.45
1091	337.82	747.83
1092	216.21	528.81
1093	255.93	156.56
1094	251.6	686.71
1095	460.04	572.71
1096	251.61	686.47
1097	658.5	712.84
1098	681.97	401.36
1099	460.04	572.93
1100	826.71	539.12
1101	586.97	999.94
1102	16.3	902.58
1103	655.74	563.98
1104	114.82	224.28
1105	37.03	288.97
1106	288.5	361.89
1107	542.97	358.39
1108	172.49	318.44
1109	481.3	758.35
1110	980.1	146.65
1111	596.3	530.11
1112	911.31	475.11
1113	447.54	471.11
1114	725.19	629.76
1115	347.07	436.46
1116	711.51	714.97
1117	544.74	594.91
1118	103.3	491.62
1119	407.34	758.97
1120	154.99	849.97
1121	151.18	596.52
1122	374.01	148.64
1123	553.59	470.33
1124	980.19	146.81
1125	880.93	386.05
1126	949.65	134.95
1127	715.35	797.06
1128	574.47	113.49
1129	902.72	226.3
1130	141.01	156.33
1131	491.06	598.98
1132	837.83	477.63
1133	720.59	269.41
1134	747.14	747.9
1135	698.18	65.84
1136	31.22	737.45
1137	196.27	586.14
1138	415.83	519.21
1139	1002.93	896.38
1140	832.55	397.19
1141	403.83	489.22
1142	554.46	585.53
1143	158.07	728.66
1144	639.03	138.07
1145	415.04	105.59
1146	167.12	497.63
1147	894.98	303.09
1148	789.0	694.05
1149	190.88	508.73
1150	407.17	867.25
1151	789.0	694.04
1152	592.0	517.94
1153	529.6	952.41
1154	652.01	820.93
1155	834.48	738.53
1156	838.85	872.18
1157	303.11	644.05
1158	960.18	442.93
1159	245.89	645.76
1160	302.28	959.1
1161	865.9	325.49
1162	326.52	916.9
1163	448.75	151.07
1164	318.11	74.37
1165	163.96	603.43
1166	448.75	151.07
1167	709.74	447.01
1168	574.99	938.03
1169	278.56	608.13
1170	832.46	397.14
1171	135.2	785.6
1172	194.56	198.56
1173	554.04	514.68
1174	245.78	645.78
1175	784.97	879.95
1176	90.02	797.02
1177	135.06	785.65
1178	946.84	104.52
1179	853.25	859.12
1180	162.37	292.16
1181	135.06	785.64
1182	633.88	562.19
1183	709.93	447.01
1184	553.46	470.46
1185	280.95	316.79
1186	1001.86	461.44
1187	865.94	325.19
1188	373.99	148.98
1189	49.37	367.57
1190	414.04	161.04
1191	264.06	749.44
1192	660.59	189.12
1193	739.31	300.09
1194	519.05	930.91
1195	271.88	892.33
1196	769.91	77.46
1197	147.63	561.26
1198	1001.81	461.16
1199	1001.83	461.15
1200	638.02	418.96
1201	177.83	221.07
1202	647.11	596.06
1203	100.25	92.81
1204	271.87	892.19
1205	720.22	102.22
1206	317.76	121.87
1207	446.29	33.8
1208	100.26	92.81
1209	203.62	101.81
1210	588.65	639.06
1211	606.23	942.26
1212	147.82	561.22
1213	403.06	928.95
1214	300.83	479.85
1215	147.8	561.39
1216	261.81	947.23
1217	108.23	681.18
1218	796.7	451.93
1219	789.31	362.07
1220	269.46	867.89
1221	819.91	994.05
1222	706.71	366.93
1223	462.7	876.9
1224	393.52	639.07
1225	108.01	935.91
1226	439.89	921.72
1227	160.56	812.93
1228	375.94	32.8
1229	241.13	994.21
1230	393.39	639.09
1231	338.66	249.88
1232	969.97	747.65
1233	160.43	813.02
1234	308.86	717.79
1235	125.98	551.98
1236	363.33	821.61
1237	581.5	847.3
1238	579.57	299.12
1239	171.7	550.73
1240	631.18	514.37
1241	497.68	493.97
1242	563.9	625.23
1243	468.0	841.96
1244	189.01	128.58
1245	989.76	34.93
1246	956.01	95.63
1247	888.02	66.08
1248	956.01	95.63
1249	969.89	747.93
1250	470.67	296.12
1251	605.8	791.52
1252	812.48	157.95
1253	656.08	602.67
1254	551.55	462.94
1255	413.06	353.98
1256	378.02	441.64
1257	360.51	921.92
1258	574.85	649.14
1259	390.37	537.04
1260	1002.2	948.25
1261	654.26	259.16
1262	790.15	846.55
1263	538.07	885.92
1264	89.92	902.79
1265	605.62	791.52
1266	605.62	791.52
1267	519.6	423.45
1268	759.27	94.02
1269	134.09	669.95
1270	302.99	516.12
1271	845.99	1009.25
1272	952.72	218.29
1273	66.15	420.05
1274	857.31	884.93
1275	345.97	703.41
1276	157.11	684.84
1277	897.94	161.34
1278	612.03	790.69
1279	819.89	994.39
1280	690.32	657.91
1281	39.99	87.35
1282	172.1	753.98
1283	310.18	88.71
1284	280.99	162.61
1285	245.06	974.45
1286	40.03	87.11
1287	714.08	44.22
1288	946.37	961.16
1289	331.59	185.99
1290	658.52	532.01
1291	854.04	675.07
1292	464.59	224.94
1293	460.64	368.19
1294	168.67	296.96
1295	680.45	838.43
1296	436.21	321.0
1297	215.36	754.12
1298	644.75	234.18
1299	344.11	430.93
1300	903.99	494.05
1301	565.05	594.95
1302	472.27	704.12
1303	463.3	58.02
1304	344.11	430.92
1305	451.04	269.08
1306	720.07	543.14
1307	346.81	24.06
1308	171.48	550.88
1309	251.1	201.56
1310	87.38	825.92
1311	434.93	446.99
1312	714.76	577.28
1313	965.43	967.79
1314	538.36	371.02
1315	466.05	543.7
1316	893.95	326.97
1317	88.05	455.04
1318	611.31	354.85
1319	515.79	857.98
1320	901.99	527.96
1321	454.08	66.33
1322	549.81	890.26
1323	308.53	98.04
1324	199.66	833.21
1325	54.95	979.36
1326	135.16	815.85
1327	884.17	904.1
1328	591.65	227.83
1329	466.03	543.91
1330	199.78	833.07
1331	413.1	498.63
1332	300.61	480.06
1333	389.99	484.9
1334	846.46	300.44
1335	714.65	577.15
1336	936.02	492.87
1337	330.76	883.19
1338	884.09	904.21
1339	1006.5	397.46
1340	292.01	632.04
1341	549.59	890.66
1342	147.12	704.02
1343	936.02	492.66
1344	553.78	613.73
1345	130.17	744.01
1346	230.57	806.47
1347	842.94	694.03
1348	735.93	861.93
1349	140.19	952.64
1350	593.99	358.55
1351	508.09	128.57
1352	554.94	421.35
1353	330.87	883.39
1354	778.79	308.13
1355	832.95	889.63
1356	420.91	943.65
1357	296.93	804.03
1358	269.09	790.67
1359	694.36	204.84
1360	330.84	883.53
1361	947.48	999.98
1362	131.61	85.55
1363	344.03	430.83
1364	335.6	844.76
1365	549.59	890.37
1366	522.68	1010.24
1367	337.03	48.38
1368	970.33	79.0
1369	712.05	402.47
1370	753.72	702.84
1371	144.74	913.95
1372	625.05	774.98
1373	281.52	27.15
1374	506.89	355.56
1375	939.14	916.13
1376	600.27	645.88
1377	988.49	442.95
1378	628.01	826.02
1379	195.17	82.96
1380	46.87	946.31
1381	423.12	225.61
1382	344.06	685.94
1383	312.35	649.9
1384	961.91	709.66
1385	1006.52	597.99
1386	340.51	105.0
1387	613.67	841.07
1388	208.16	452.67
1389	372.41	343.75
1390	632.49	984.45
1391	785.37	999.9
1392	769.06	259.06
1393	685.3	487.85
1394	723.01	49.55
1395	832.22	354.11
1396	221.0	363.0
1397	26.1	903.3
1398	331.34	324.06
1399	365.08	635.94
1400	813.59	470.13
1401	892.95	712.9
1402	480.0	199.16
1403	690.22	483.21
1404	301.72	280.01
1405	690.23	483.21
1406	194.71	907.96
1407	430.04	829.04
1408	314.21	574.66
1409	535.6	658.92
1410	312.22	649.81
1411	548.98	208.58
1412	314.22	574.65
1413	402.07	684.22
1414	494.37	538.28
1415	157.57	187.94
1416	178.05	221.06
1417	430.11	829.2
1418	729.3	97.85
1419	194.54	249.63
1420	769.72	206.95
1421	312.16	649.81
1422	262.01	582.24
1423	49.35	353.15
1424	673.27	321.14
1425	730.12	130.34
1426	889.48	434.99
1427	442.52	173.1
1428	81.94	486.76
1429	510.44	752.55
1430	63.4	472.0
1431	952.44	196.94
1432	118.77	584.1
1433	712.06	60.59
1434	173.28	615.76
1435	734.86	557.27
1436	664.83	968.78
1437	331.92	171.87
1438	421.59	499.96
1439	768.07	667.88
1440	705.63	129.07
1441	783.69	842.26
1442	173.29	615.76
1443	551.12	773.29
1444	402.06	684.34
1445	783.25	842.63
1446	490.88	866.76
1447	148.58	583.45
1448	401.97	684.12
1449	329.45	837.94
1450	158.76	929.05
1451	372.55	839.36
1452	924.22	726.79
1453	102.28	819.16
1454	713.47	1009.24
1455	490.89	866.64
1456	682.83	500.36
1457	463.56	721.9
1458	322.07	177.09
1459	646.76	257.87
1460	777.81	664.66
1461	312.09	902.44
1462	251.4	616.03
1463	329.61	837.95
1464	539.58	363.61
1465	313.33	589.91
1466	312.09	902.43
1467	297.42	845.3
1468	421.1	759.91
1469	879.93	123.99
1470	235.95	426.33
1471	25.91	386.56
1472	290.01	375.53
1473	632.77	366.6
1474	463.73	721.75
1475	94.5	746.1
1476	198.88	827.19
1477	421.1	759.91
1478	543.01	810.22
1479	584.09	116.32
1480	433.32	219.96
1481	321.95	177.18
1482	224.1	819.92
1483	281.06	422.99
1484	650.01	585.9
1485	290.01	375.4
1486	665.0	208.76
1487	210.09	915.84
1488	646.96	257.9
1489	713.46	1009.46
1490	619.48	460.88
1491	119.5	780.82
1492	224.1	819.92
1493	490.96	866.52
1494	796.05	429.92
1495	104.35	512.95
1496	795.23	982.71
1497	104.35	512.95
1498	822.27	298.06
1499	872.46	274.52
1500	283.09	185.41
1501	299.02	931.64
1502	974.98	391.01
1503	557.5	487.58
1504	337.9	238.32
1505	593.0	895.21
1506	474.98	354.04
1507	80.07	543.52
1508	80.07	622.96
1509	299.02	931.63
1510	359.32	143.27
1511	876.31	515.9
1512	912.74	35.87
1513	863.24	481.27
1514	525.97	306.14
1515	968.82	739.13
1516	412.07	271.03
1517	525.97	306.15
1518	725.65	368.32
1519	283.29	185.56
1520	416.09	966.47
1521	245.84	1004.01
1522	145.42	350.95
1523	685.98	978.41
1524	695.76	461.12
1525	592.99	894.97
1526	392.37	383.25
1527	832.62	427.45
1528	877.99	81.99
1529	547.89	651.83
1530	653.35	893.1
1531	130.52	240.94
1532	320.96	803.91
1533	283.29	185.8
1534	462.36	367.11
1535	367.63	129.58
1536	265.73	612.11
1537	802.91	802.19
1538	795.97	720.69
1539	814.96	631.68
1540	347.24	659.18
1541	487.58	452.87
1542	376.31	263.11
1543	205.02	607.65
1544	392.09	73.73
1545	16.11	671.19
1546	539.49	363.83
1547	486.0	838.0
1548	832.62	427.45
1549	160.1	660.99
1550	70.37	89.11
1551	16.31	670.98
1552	559.73	17.06
1553	312.37	902.19
1554	176.0	275.45
1555	175.02	685.45
1556	384.99	681.35
1557	548.55	674.39
1558	16.31	670.98
1559	938.33	868.13
1560	471.67	923.08
1561	79.76	174.84
1562	725.96	368.36
1563	71.1	646.04
1564	180.13	866.47
1565	490.44	403.85
1566	650.77	988.69
1567	100.53	99.95
1568	68.34	379.09
1569	199.01	827.07
1570	547.77	651.92
1571	62.59	664.53
1572	328.58	92.86
1573	365.5	259.53
1574	124.68	565.42
1575	585.08	535.08
1576	90.06	630.93
1577	658.66	64.97
1578	486.34	837.77
1579	986.56	939.51
1580	267.05	55.57
1581	271.06	905.07
1582	464.31	693.1
1583	717.53	733.42
1584	384.88	681.14
1585	740.43	978.87
1586	886.98	897.0
1587	524.09	185.03
1588	628.05	584.7
1589	305.95	187.65
1590	628.02	584.91
1591	354.5	535.96
1592	695.98	209.6
1593	397.0	821.99
1594	117.24	139.4
1595	714.54	153.92
1596	659.93	485.98
1597	428.73	102.03
1598	435.2	969.36
1599	282.12	914.86
1600	180.53	420.94
1601	608.44	547.96
1602	918.67	257.86
1603	288.09	865.54
1604	532.6	259.92
1605	898.22	765.0
1606	562.91	989.92
1607	270.36	502.14
1608	963.26	67.22
1609	160.53	20.09
1610	664.03	87.76
1611	279.01	154.87
1612	218.09	507.02
1613	613.92	602.97
1614	271.07	905.23
1615	324.09	901.95
1616	946.16	663.74
1617	516.97	832.04
1618	640.68	255.2
1619	353.05	697.98
1620	408.47	534.95
1621	956.16	88.79
1622	464.07	664.91
1623	125.01	565.41
1624	279.24	154.87
1625	274.83	586.19
1626	684.96	732.82
1627	767.98	580.06
1628	331.53	704.45
1629	522.11	126.54
1630	357.07	615.02
1631	120.88	705.76
1632	522.09	126.55
1633	963.36	67.17
1634	331.62	704.21
1635	139.29	601.11
1636	983.77	947.64
1637	423.09	114.14
1638	555.03	645.02
1639	607.9	847.45
1640	704.93	973.53
1641	690.35	549.87
1642	689.82	70.46
1643	560.3	912.89
1644	704.93	973.52
1645	1007.19	175.71
1646	919.5	493.02
1647	614.36	213.89
1648	23.0	224.3
1649	286.34	508.03
1650	421.52	652.97
1651	505.46	65.31
1652	421.3	652.91
1653	434.18	406.52
1654	681.06	817.94
1655	760.5	778.54
1656	325.03	780.96
1657	994.56	483.01
1658	295.77	263.01
1659	689.52	374.11
1660	677.1	272.45
1661	942.52	495.11
1662	247.49	243.61
1663	964.35	154.16
1664	942.52	495.1
1665	419.71	406.02
1666	938.94	264.98
1667	997.01	700.02
1668	994.4	483.02
1669	628.42	722.08
1670	137.78	791.09
1671	749.02	144.67
1672	198.42	933.93
1673	269.0	953.61
1674	970.0	683.86
1675	193.36	464.25
1676	302.98	550.42
1677	1006.97	178.0
1678	14.04	91.9
1679	435.95	371.32
1680	976.67	726.11
1681	731.79	892.11
1682	800.71	789.0
1683	302.45	788.56
1684	594.32	865.97
1685	32.04	814.96
1686	400.09	692.04
1687	815.99	615.0
1688	172.98	23.98
1689	552.92	965.27
1690	752.1	972.97
1691	867.02	988.65
1692	996.42	200.51
1693	310.01	117.56
1694	329.96	963.65
1695	476.03	389.97
1696	401.92	523.11
1697	439.49	885.38
1698	555.87	34.71
1699	800.98	665.99
1700	876.51	544.59
1701	876.74	368.02
1702	820.04	474.01
1703	274.99	586.04
1704	410.83	471.03
1705	680.79	714.24
1706	141.54	90.15
1707	657.93	308.7
1708	250.03	1010.24
1709	814.95	947.89
1710	249.94	979.6
1711	168.77	570.89
1712	530.93	386.45
1713	472.01	89.98
1714	386.12	24.58
1715	202.37	368.1
1716	540.95	781.25
1717	774.93	972.89
1718	775.98	146.91
1719	246.56	207.91
1720	270.26	700.75
1721	401.22	428.8
1722	335.98	776.63
1723	416.9	908.44
1724	283.5	77.58
1725	366.07	889.0
1726	250.28	78.28
1727	246.74	207.89
1728	236.84	360.29
1729	135.31	558.76
1730	696.27	210.08
1731	124.14	831.46
1732	895.09	251.12
1733	529.89	559.81
1734	430.08	1003.92
1735	682.99	930.24
1736	249.94	979.43
1737	38.15	136.13
1738	205.39	559.91
1739	993.67	263.9
1740	972.47	109.51
1741	727.48	448.09
1742	886.77	807.05
1743	625.07	839.03
1744	94.86	787.4
1745	535.32	736.0
1746	770.69	389.71
1747	996.98	68.92
1748	117.57	728.42
1749	778.94	808.66
1750	546.98	328.7
1751	297.57	578.87
1752	250.0	1010.03
1753	410.73	470.88
1754	292.12	170.09
1755	73.1	833.77
1756	482.56	178.0
1757	414.58	595.05
1758	495.03	236.5
1759	124.12	322.08
1760	437.28	85.08
1761	647.5	57.54
1762	466.0	585.93
1763	940.79	273.58
1764	711.97	784.51
1765	537.79	200.75
1766	469.09	480.92
1767	384.09	305.22
1768	309.15	25.38
1769	915.04	410.49
1770	282.59	438.49
1771	736.08	682.67
1772	801.91	806.07
1773	976.66	670.97
1774	741.09	533.1
1775	616.72	274.88
1776	168.56	901.51
1777	918.02	229.33
1778	788.0	448.08
1779	538.04	816.95
1780	609.53	813.0
1781	12.51	559.0
1782	524.97	978.49
1783	265.45	526.81
1784	327.3	877.2
1785	202.38	295.99
1786	985.12	559.21
1787	15.02	577.42
1788	985.02	559.13
1789	390.57	682.88
1790	265.56	526.86
1791	344.05	501.97
1792	15.02	577.42
1793	786.97	440.06
1794	492.91	199.67
1795	168.19	90.27
1796	972.21	109.43
1797	467.76	993.89
1798	939.93	903.89
1799	45.11	163.02
1800	331.26	489.37
1801	76.01	924.09
1802	540.53	599.99
1803	714.01	776.33
1804	873.57	958.47
1805	64.1	441.29
1806	603.06	493.56
1807	834.99	535.03
1808	873.53	958.48
1809	107.51	878.88
1810	439.56	564.42
1811	492.82	199.83
1812	266.26	212.83
1813	674.93	769.48
1814	548.05	872.94
1815	606.45	727.12
1816	629.98	29.02
1817	662.95	550.09
1818	686.84	515.16
1819	955.61	691.04
1820	226.09	757.53
1821	639.25	535.07
1822	655.37	13.07
1823	278.98	994.27
1824	153.06	880.64
1825	187.74	75.26
1826	634.01	641.47
1827	735.02	619.48
1828	70.85	102.65
1829	988.71	191.78
1830	814.54	379.04
1831	234.03	412.13
1832	296.13	489.98
1833	829.69	324.0
1834	608.04	389.96
1835	633.94	588.0
1836	629.94	28.81
1837	969.26	419.05
1838	705.92	906.83
1839	876.59	951.75
1840	849.52	570.95
1841	875.27	353.24
1842	518.03	646.48
1843	553.5	943.12
1844	716.26	864.63
1845	369.0	234.51
1846	831.64	755.3
1847	908.99	983.0
1848	720.51	886.41
1849	777.22	894.75
1850	527.31	763.68
1851	662.84	119.83
1852	973.03	793.87
1853	525.68	574.93
1854	973.03	793.87
1855	477.05	779.3
1856	408.82	208.32
1857	281.77	569.93
1858	764.06	960.0
1859	286.33	473.78
1860	622.3	67.15
1861	993.28	241.01
1862	98.93	360.94
1863	651.99	612.6
1864	373.94	801.92
1865	214.08	864.9
1866	249.55	693.11
1867	373.95	801.93
1868	819.01	816.87
1869	327.54	877.0
1870	905.53	317.54
1871	681.69	743.91
1872	468.28	634.21
1873	558.36	125.15
1874	308.08	489.0
1875	44.5	120.96
1876	503.98	807.8
1877	491.89	784.09
1878	583.73	153.2
1879	893.54	909.92
1880	313.3	281.99
1881	910.07	885.97
1882	74.38	391.88
1883	470.69	410.1
1884	477.98	956.49
1885	818.99	816.64
1886	583.0	776.44
1887	822.65	217.83
1888	605.74	220.39
1889	818.91	17.39
1890	497.07	266.35
1891	628.03	664.92
1892	216.52	735.48
1893	225.89	538.63
1894	697.03	869.96
1895	559.93	542.67
1896	188.39	398.29
1897	682.49	308.87
1898	468.55	634.28
1899	958.33	924.95
1900	671.25	750.53
1901	797.02	570.03
1902	582.86	727.92
1903	865.49	458.97
1904	919.86	676.48
1905	959.03	1005.02
1906	850.09	527.13
1907	275.62	602.07
1908	111.58	500.95
1909	44.64	120.97
1910	889.98	793.95
1911	215.08	567.65
1912	814.95	948.13
1913	799.11	53.35
1914	460.89	963.08
1915	122.73	154.96
1916	818.9	17.54
1917	473.98	290.39
1918	122.73	154.96
1919	760.04	469.31
1920	502.3	391.57
1921	581.09	912.73
1922	254.1	588.04
1923	559.97	977.24
1924	360.0	667.3
1925	826.02	720.07
1926	730.08	259.02
1927	898.74	759.34
1928	571.78	417.93
1929	248.91	105.93
1930	89.04	520.72
1931	168.15	90.0
1932	499.95	408.15
1933	197.06	180.0
1934	347.72	152.89
1935	793.03	285.32
1936	444.53	868.94
1937	80.54	86.02
1938	717.1	935.35
1939	692.01	631.01
1940	444.51	869.34
1941	867.96	792.48
1942	590.07	778.21
1943	950.31	247.01
1944	623.26	526.65
1945	111.58	906.0
1946	542.02	693.51
1947	542.76	983.17
1948	326.6	475.52
1949	137.84	1005.67
1950	526.4	1002.74
1951	358.04	899.52
1952	712.05	657.5
1953	340.46	405.43
1954	347.06	358.29
1955	926.66	655.99
1956	281.76	631.43
1957	734.41	817.2
1958	357.65	273.01
1959	922.52	88.51
1960	834.64	628.03
1961	791.79	227.34
1962	605.54	220.15
1963	910.03	538.99
1964	632.0	335.81
1965	682.69	354.18
1966	414.08	982.45
1967	282.15	924.27
1968	398.04	679.93
1969	758.98	709.63
1970	652.95	1010.46
1971	642.76	918.14
1972	843.0	511.99
1973	159.81	193.6
1974	383.79	992.16
1975	111.11	566.09
1976	475.85	193.65
1977	978.42	791.15
1978	824.15	329.09
1979	75.97	303.96
1980	565.11	266.09
1981	1003.68	277.22
1982	150.91	971.92
1983	236.05	34.01
1984	168.33	983.6
1985	415.03	1003.07
1986	711.18	1003.33
1987	815.49	310.99
1988	419.44	274.94
1989	583.07	581.33
1990	853.47	783.83
1991	853.47	783.83
1992	68.12	404.06
1993	511.0	581.33
1994	510.98	469.04
1995	75.98	303.97
1996	604.34	342.13
1997	581.33	615.8
1998	732.11	317.08
1999	347.21	358.2
2000	73.6	874.51
2001	658.37	839.86
2002	588.68	263.93
2003	883.46	278.85
2004	471.58	323.33
2005	676.27	113.14
2006	685.29	324.94
2007	133.82	572.78
2008	261.0	857.5
2009	602.66	661.89
2010	652.58	796.0
2011	842.08	202.01
2012	331.76	64.05
2013	695.9	916.62
2014	505.04	865.87
2015	17.55	372.01
2016	122.08	773.23
2017	396.57	46.86
2018	17.75	372.01
2019	978.88	790.98
2020	17.75	372.01
2021	331.52	385.0
2022	300.98	653.97
2023	631.1	14.7
2024	243.79	605.81
2025	393.0	418.5
2026	372.53	942.5
2027	773.18	482.32
2028	709.39	28.55
2029	448.06	360.54
2030	207.82	269.37
2031	418.6	384.58
2032	895.05	75.06
2033	776.17	216.81
2034	766.99	809.3
2035	396.69	46.79
2036	978.7	790.98
2037	999.99	142.0
2038	992.02	228.06
2039	122.07	773.04
2040	841.89	902.21
2041	785.91	410.06
2042	472.06	440.94
2043	829.7	474.8
2044	680.01	600.9
2045	203.68	821.83
2046	554.32	342.08
2047	979.76	35.69
2048	384.12	113.4
2049	343.93	527.17
2050	368.29	292.03
2051	866.43	195.93
2052	848.7	736.72
2053	661.87	644.97
2054	584.24	955.57
2055	635.3	331.07
2056	931.68	761.17
2057	668.64	381.55
2058	422.09	413.48
2059	168.7	958.88
2060	584.19	955.45
2061	571.4	35.99
2062	876.45	330.5
2063	312.4	59.74
2064	101.93	957.96
2065	957.88	298.73
2066	814.15	925.99
2067	138.06	250.98
2068	518.83	412.14
2069	278.47	233.54
2070	13.5	408.74
2071	250.78	332.56
2072	793.96	993.93
2073	860.96	403.05
2074	657.51	51.1
2075	399.67	840.88
2076	945.04	761.41
2077	937.93	592.67
2078	316.55	876.47
2079	399.67	840.87
2080	834.06	962.44
2081	232.22	767.88
2082	475.5	984.55
2083	13.63	408.76
2084	684.32	111.55
2085	562.13	460.94
2086	779.41	638.14
2087	556.34	258.04
2088	931.9	171.72
2089	309.54	534.94
2090	799.04	918.61
2091	207.0	431.51
2092	132.88	953.52
2093	207.0	431.51
2094	155.43	142.28
2095	59.38	166.93
2096	805.06	44.76
2097	441.51	119.19
2098	772.01	933.23
2099	618.07	91.97
2100	281.06	513.09
2101	684.29	111.68
2102	924.11	152.54
2103	280.1	663.72
2104	340.87	188.11
2105	278.44	233.18
2106	668.17	381.63
2107	637.08	510.56
2108	473.14	942.56
2109	494.03	92.11
2110	956.1	950.03
2111	426.79	217.89
2112	988.87	906.93
2113	477.16	213.47
2114	248.03	816.68
2115	347.58	779.34
2116	753.31	854.67
2117	370.52	784.03
2118	577.19	985.83
2119	359.0	127.54
2120	470.43	265.97
2121	588.9	947.03
2122	129.74	446.05
2123	711.95	320.98
2124	477.19	213.36
2125	252.07	605.35
2126	743.49	356.08
2127	732.91	595.02
2128	471.14	226.69
2129	684.17	111.63
2130	617.71	737.97
2131	327.11	665.04
2132	962.9	945.96
2133	204.7	288.7
2134	327.11	665.04
2135	398.05	884.5
2136	797.96	592.09
2137	229.2	570.33
2138	99.67	779.19
2139	745.43	795.1
2140	597.02	512.66
2141	573.52	754.49
2142	210.91	580.21
2143	781.75	18.89
2144	672.63	922.13
2145	159.98	193.91
2146	910.96	359.05
2147	876.0	416.01
2148	179.46	751.01
2149	450.06	144.58
2150	795.51	340.02
2151	517.96	198.44
2152	898.34	702.92
2153	843.33	318.99
2154	1009.04	755.87
2155	299.04	746.95
2156	765.26	430.6
2157	912.04	291.1
2158	695.9	38.01
2159	481.61	747.95
2160	912.04	291.1
2161	539.25	1008.7
2162	628.51	376.54
2163	23.9	195.15
2164	505.08	470.02
2165	630.96	927.9
2166	785.01	115.0
2167	609.91	330.59
2168	242.73	548.3
2169	635.02	92.55
2170	233.67	651.77
2171	286.55	720.47
2172	901.34	921.3
2173	53.27	685.0
2174	205.32	629.64
2175	771.69	643.05
2176	444.55	47.94
2177	685.06	1005.23
2178	515.02	797.94
2179	621.72	490.0
2180	93.83	1006.2
2181	471.47	226.89
2182	446.17	936.3
2183	961.9	368.49
2184	829.3	848.04
2185	567.01	196.06
2186	897.96	408.89
2187	610.29	411.06
2188	928.12	113.56
2189	612.01	482.49
2190	944.67	847.79
2191	724.18	107.99
2192	97.03	911.52
2193	944.83	847.67
2194	487.51	768.95
2195	751.24	60.99
2196	259.58	133.12
2197	299.12	699.94
2198	740.98	310.01
2199	60.71	458.97
2200	178.34	228.02
2201	252.33	38.96
2202	343.85	353.64
2203	278.75	203.12
2204	43.28	386.79
2205	628.26	577.28
2206	222.08	121.08
2207	877.92	766.9
2208	569.98	355.16
2209	997.9	283.12
2210	147.52	113.84
2211	628.2	556.04
2212	497.46	316.48
2213	882.99	686.99
2214	617.74	21.06
2215	612.94	122.37
2216	301.44	757.26
2217	858.56	876.42
2218	997.9	283.12
2219	663.58	766.04
2220	956.3	282.03
2221	809.28	482.16
2222	557.06	309.91
2223	63.26	181.99
2224	45.0	15.91
2225	301.48	757.48
2226	377.71	559.69
2227	367.32	117.02
2228	629.36	457.11
2229	967.0	544.47
2230	90.94	245.76
2231	455.96	785.97
2232	409.08	917.91
2233	940.62	30.99
2234	444.94	908.94
2235	161.35	578.92
2236	942.3	54.15
2237	802.05	559.09
2238	717.69	832.08
2239	409.08	917.91
2240	1005.9	122.98
2241	253.04	796.94
2242	644.27	894.2
2243	304.99	218.98
2244	769.96	93.49
2245	798.02	383.45
2246	741.02	845.23
2247	639.93	146.96
2248	895.32	430.07
2249	499.25	649.35
2250	793.4	705.24
2251	763.0	457.29
2252	798.0	258.11
2253	948.05	874.93
2254	199.09	215.67
2255	796.45	505.91
2256	1005.9	122.98
2257	805.75	69.45
2258	820.26	240.07
2259	690.23	91.14
2260	72.08	170.95
2261	934.25	387.88
2262	521.98	897.27
2263	951.47	146.5
2264	576.95	838.65
2265	344.09	268.08
2266	236.99	53.07
2267	496.25	31.02
2268	763.01	457.34
2269	647.08	101.54
2270	245.02	912.89
2271	686.1	612.09
2272	701.0	651.43
2273	489.84	217.97
2274	521.88	993.84
2275	245.02	912.9
2276	335.32	499.11
2277	170.99	514.24
2278	465.05	85.38
2279	366.4	664.85
2280	885.81	165.24
2281	921.05	34.33
2282	858.99	127.32
2283	307.52	976.0
2284	933.21	303.25
2285	95.9	599.13
2286	672.13	600.48
2287	406.1	784.01
2288	820.85	1004.39
2289	696.44	470.87
2290	408.54	38.53
2291	936.97	451.05
2292	764.95	977.6
2293	654.97	412.49
2294	123.1	759.68
2295	1004.48	840.94
2296	587.28	163.1
2297	362.98	270.26
2298	682.04	862.51
2299	476.88	57.9
2300	570.54	673.02
2301	198.58	812.92
2302	940.21	15.05
2303	89.59	136.27
2304	520.13	731.04
2305	722.81	41.82
2306	693.5	750.02
2307	309.88	693.45
2308	614.99	248.48
2309	546.1	198.01
2310	619.71	552.07
2311	703.5	775.48
2312	989.06	321.97
2313	365.76	140.12
2314	53.49	702.0
2315	787.0	962.49
2316	951.09	773.84
2317	366.51	664.57
2318	154.8	42.94
2319	786.45	325.09
2320	685.5	985.81
2321	514.03	569.02
2322	892.97	414.32
2323	602.06	231.67
2324	979.68	967.12
2325	378.86	817.08
2326	788.04	770.26
2327	288.34	619.74
2328	401.01	559.02
2329	48.23	233.92
2330	527.99	659.28
2331	718.78	374.6
2332	687.26	950.91
2333	503.48	910.44
2334	480.54	384.12
2335	454.49	962.41
2336	422.01	675.93
2337	696.21	757.3
2338	237.0	903.0
2339	261.96	904.9
2340	401.37	538.06
2341	510.98	301.92
2342	735.99	194.04
2343	909.74	25.8
2344	794.01	98.03
2345	360.97	791.36
2346	706.13	834.22
2347	179.19	399.38
2348	1003.02	195.96
2349	69.39	868.24
2350	549.2	379.4
2351	198.0	65.39
2352	131.08	583.03
2353	580.45	500.1
2354	160.6	389.25
2355	832.81	154.66
2356	823.52	599.05
2357	420.14	797.9
2358	957.36	839.0
2359	255.23	698.32
2360	252.08	632.01
2361	382.82	550.2
2362	767.08	242.18
2363	841.07	457.67
2364	763.27	630.91
2365	920.0	639.97
2366	327.03	198.98
2367	525.95	702.57
2368	685.89	254.06
2369	911.49	750.91
2370	327.09	558.97
2371	148.48	453.58
2372	775.01	593.72
2373	325.75	551.75
2374	636.0	932.97
2375	382.58	314.16
2376	255.03	698.56
2377	223.83	239.61
2378	299.08	251.03
2379	191.51	315.55
2380	782.52	553.54
2381	569.22	143.22
2382	517.56	541.0
2383	923.79	352.6
2384	483.25	289.9
2385	735.67	273.78
2386	619.87	542.64
2387	90.23	32.24
2388	904.98	459.16
2389	493.99	178.52
2390	309.36	521.93
2391	961.79	575.97
2392	565.77	850.92
2393	750.7	798.82
2394	877.28	820.01
2395	294.72	708.92
2396	428.35	915.31
2397	953.97	643.89
2398	736.0	178.55
2399	898.85	686.92
2400	843.44	398.06
2401	497.26	998.62
2402	584.97	746.69
2403	160.12	79.74
2404	149.66	649.29
2405	954.45	726.96
2406	356.9	818.48
2407	733.21	977.7
2408	848.93	61.94
2409	183.65	663.47
2410	964.07	496.96
2411	42.46	532.5
2412	53.93	74.56
2413	101.92	403.07
2414	120.86	697.26
2415	974.92	492.98
2416	558.05	817.58
2417	475.94	887.69
2418	663.94	317.64
2419	350.62	903.88
2420	38.39	483.5
2421	39.28	484.01
2422	583.11	435.63
2423	970.14	957.53
2424	994.87	13.63
2425	39.69	720.47
2426	217.5	980.57
2427	969.21	958.19
2428	966.4	967.41
2429	786.42	999.54
2430	82.64	958.74
2431	948.48	998.87
2432	1000.96	872.03
2433	47.28	181.45
2434	158.05	806.11
2435	967.93	853.73
2436	926.95	898.45
2437	838.76	948.09
2438	998.97	898.03
2439	965.4	912.39
2440	825.78	769.79
2441	910.43	685.4
2442	881.87	882.26
2443	930.12	794.92
2444	852.79	899.13
2445	70.08	704.65
2446	982.32	842.67
2447	249.54	416.88
2448	846.97	1008.28
2449	947.19	815.32
2450	940.21	914.93
2451	966.33	966.21
2452	947.5	960.04
2453	196.88	102.62
2454	606.91	827.15
2455	40.69	229.55
2456	796.45	981.59
2457	371.84	950.12
2458	867.96	987.09
2459	431.03	1003.01
2460	213.33	435.99
2461	778.02	893.7
2462	909.97	981.94
2463	970.24	682.25
2464	39.35	918.31
2465	819.69	815.7
2466	894.07	908.61
2467	575.63	656.77
2468	461.86	962.35
2469	33.98	265.42
2470	868.59	791.23
2471	178.93	154.39
2472	837.68	70.28
2473	710.04	593.95
2474	642.16	183.67
2475	735.02	700.34
2476	1000.91	921.97
2477	677.07	673.68
2478	635.41	401.79
2479	805.72	393.96
2480	619.27	502.62
2481	270.46	405.21
2482	1003.18	947.8
2483	87.86	663.98
2484	34.0	432.0
2485	997.95	699.6
2486	720.01	573.57
2487	998.6	908.05
2488	539.62	475.98
2489	41.18	457.71
2490	63.33	151.35
2491	44.09	965.18
2492	923.51	788.25
2493	56.86	280.75
2494	47.35	521.29
2495	905.43	135.02
2496	47.0	605.45
2497	50.36	797.19
2498	963.38	73.28
2499	400.49	183.46
2500	16.22	33.89
2501	35.89	31.8
2502	471.34	339.49
2503	32.92	358.92
2504	197.88	102.53
2505	813.48	940.59
2506	360.44	979.31
2507	515.38	980.95
2508	39.31	732.44
